0 -896.000000
100 -896.000000
200 -864.000000
300 -864.000000
400 -864.000000
500 -864.000000
600 -864.000000
700 -864.000000
800 -864.000000
900 -864.000000
1000 -864.000000
1100 -864.000000
1200 -864.000000
1300 -864.000000
1400 -864.000000
1500 -832.000000
1600 -832.000000
1700 -832.000000
1800 -832.000000
1900 -832.000000
2000 -832.000000
2100 -832.000000
2200 -832.000000
2300 -832.000000
2400 -832.000000
2500 -832.000000
2600 -832.000000
2700 -830.000000
2800 -832.000000
2900 -832.000000
3000 -832.000000
3100 -832.000000
3200 -832.000000
3300 -832.000000
3400 -832.000000
3500 -832.000000
3600 -832.000000
3700 -832.000000
3800 -832.000000
3900 -832.000000
4000 -832.000000
4100 -832.000000
4200 -832.000000
4300 -832.000000
4400 -832.000000
4500 -832.000000
4600 -832.000000
4700 -832.000000
4800 -832.000000
4900 -823.000000
5000 -830.000000
5100 -831.000000
5200 -832.000000
5300 -820.000000
5400 -832.000000
5500 -818.000000
5600 -827.000000
5700 -832.000000
5800 -829.000000
5900 -813.000000
6000 -814.000000
6100 -819.000000
6200 -829.000000
6300 -808.000000
6400 -808.000000
6500 -808.000000
6600 -808.000000
6700 -808.000000
6800 -808.000000
6900 -808.000000
7000 -806.000000
7100 -808.000000
7200 -808.000000
7300 -808.000000
7400 -808.000000
7500 -808.000000
7600 -808.000000
7700 -808.000000
7800 -808.000000
7900 -808.000000
8000 -808.000000
8100 -808.000000
8200 -808.000000
8300 -808.000000
8400 -808.000000
8500 -808.000000
8600 -808.000000
8700 -808.000000
8800 -808.000000
8900 -808.000000
9000 -808.000000
9100 -808.000000
9200 -808.000000
9300 -808.000000
9400 -808.000000
9500 -808.000000
9600 -808.000000
9700 -808.000000
9800 -808.000000
9900 -808.000000
10000 -808.000000
10100 -808.000000
10200 -808.000000
10300 -808.000000
10400 -808.000000
10500 -808.000000
10600 -800.000000
10700 -792.000000
10800 -802.000000
10900 -798.000000
11000 -779.000000
11100 -785.000000
11200 -783.000000
11300 -787.000000
11400 -784.000000
11500 -787.000000
11600 -776.000000
11700 -792.000000
11800 -778.000000
11900 -787.000000
12000 -782.000000
12100 -787.000000
12200 -781.000000
12300 -787.000000
12400 -783.000000
12500 -772.000000
12600 -778.000000
12700 -776.000000
12800 -780.000000
12900 -786.000000
13000 -789.000000
13100 -777.000000
13200 -779.000000
13300 -781.000000
13400 -774.000000
13500 -773.000000
13600 -784.000000
13700 -785.000000
13800 -770.000000
13900 -780.000000
14000 -775.000000
14100 -771.000000
14200 -781.000000
14300 -778.000000
14400 -777.000000
14500 -777.000000
14600 -781.000000
14700 -772.000000
14800 -780.000000
14900 -776.000000
15000 -780.000000
15100 -784.000000
15200 -778.000000
15300 -774.000000
15400 -788.000000
15500 -778.000000
15600 -782.000000
15700 -781.000000
15800 -773.000000
15900 -771.000000
16000 -778.000000
16100 -777.000000
16200 -778.000000
16300 -775.000000
16400 -780.000000
16500 -773.000000
16600 -778.000000
16700 -780.000000
16800 -779.000000
16900 -776.000000
17000 -781.000000
17100 -775.000000
17200 -776.000000
17300 -780.000000
17400 -779.000000
17500 -785.000000
17600 -785.000000
17700 -776.000000
17800 -778.000000
17900 -768.000000
18000 -772.000000
18100 -780.000000
18200 -774.000000
18300 -774.000000
18400 -758.000000
18500 -761.000000
18600 -757.000000
18700 -767.000000
18800 -766.000000
18900 -762.000000
19000 -768.000000
19100 -764.000000
19200 -758.000000
19300 -759.000000
19400 -757.000000
19500 -758.000000
19600 -759.000000
19700 -758.000000
19800 -754.000000
19900 -760.000000
20000 -752.000000
20100 -758.000000
20200 -758.000000
20300 -764.000000
20400 -758.000000
20500 -755.000000
20600 -763.000000
20700 -755.000000
20800 -764.000000
20900 -755.000000
21000 -755.000000
21100 -761.000000
21200 -753.000000
21300 -768.000000
21400 -760.000000
21500 -760.000000
21600 -762.000000
21700 -761.000000
21800 -768.000000
21900 -764.000000
22000 -762.000000
22100 -759.000000
22200 -755.000000
22300 -768.000000
22400 -757.000000
22500 -750.000000
22600 -752.000000
22700 -757.000000
22800 -756.000000
22900 -753.000000
23000 -766.000000
23100 -767.000000
23200 -753.000000
23300 -759.000000
23400 -755.000000
23500 -748.000000
23600 -754.000000
23700 -743.000000
23800 -751.000000
23900 -756.000000
24000 -735.000000
24100 -739.000000
24200 -728.000000
24300 -754.000000
24400 -738.000000
24500 -735.000000
24600 -748.000000
24700 -744.000000
24800 -752.000000
24900 -750.000000
25000 -755.000000
25100 -753.000000
25200 -753.000000
25300 -750.000000
25400 -754.000000
25500 -752.000000
25600 -755.000000
25700 -757.000000
25800 -752.000000
25900 -763.000000
26000 -753.000000
26100 -751.000000
26200 -755.000000
26300 -752.000000
26400 -759.000000
26500 -750.000000
26600 -754.000000
26700 -749.000000
26800 -755.000000
26900 -758.000000
27000 -758.000000
27100 -758.000000
27200 -759.000000
27300 -749.000000
27400 -752.000000
27500 -749.000000
27600 -755.000000
27700 -753.000000
27800 -758.000000
27900 -748.000000
28000 -758.000000
28100 -756.000000
28200 -764.000000
28300 -759.000000
28400 -750.000000
28500 -751.000000
28600 -705.000000
28700 -717.000000
28800 -711.000000
28900 -709.000000
29000 -715.000000
29100 -704.000000
29200 -711.000000
29300 -706.000000
29400 -710.000000
29500 -711.000000
29600 -715.000000
29700 -709.000000
29800 -710.000000
29900 -712.000000
30000 -709.000000
30100 -713.000000
30200 -710.000000
30300 -704.000000
30400 -708.000000
30500 -712.000000
30600 -712.000000
30700 -709.000000
30800 -718.000000
30900 -714.000000
31000 -708.000000
31100 -715.000000
31200 -713.000000
31300 -714.000000
31400 -712.000000
31500 -716.000000
31600 -705.000000
31700 -710.000000
31800 -706.000000
31900 -707.000000
32000 -710.000000
32100 -703.000000
32200 -711.000000
32300 -718.000000
32400 -710.000000
32500 -708.000000
32600 -716.000000
32700 -711.000000
32800 -708.000000
32900 -714.000000
33000 -711.000000
33100 -707.000000
33200 -707.000000
33300 -705.000000
33400 -705.000000
33500 -704.000000
33600 -704.000000
33700 -705.000000
33800 -705.000000
33900 -705.000000
34000 -704.000000
34100 -705.000000
34200 -704.000000
34300 -704.000000
34400 -704.000000
34500 -704.000000
34600 -704.000000
34700 -703.000000
34800 -704.000000
34900 -704.000000
35000 -704.000000
35100 -704.000000
35200 -704.000000
35300 -705.000000
35400 -704.000000
35500 -704.000000
35600 -704.000000
35700 -704.000000
35800 -704.000000
35900 -704.000000
36000 -704.000000
36100 -705.000000
36200 -704.000000
36300 -704.000000
36400 -704.000000
36500 -704.000000
36600 -704.000000
36700 -705.000000
36800 -704.000000
36900 -704.000000
37000 -703.000000
37100 -703.000000
37200 -705.000000
37300 -704.000000
37400 -704.000000
37500 -705.000000
37600 -704.000000
37700 -704.000000
37800 -704.000000
37900 -704.000000
38000 -704.000000
38100 -704.000000
38200 -704.000000
38300 -704.000000
38400 -704.000000
38500 -705.000000
38600 -704.000000
38700 -704.000000
38800 -704.000000
38900 -704.000000
39000 -704.000000
39100 -704.000000
39200 -704.000000
39300 -704.000000
39400 -704.000000
39500 -704.000000
39600 -704.000000
39700 -704.000000
39800 -704.000000
39900 -704.000000
40000 -704.000000
40100 -704.000000
40200 -704.000000
40300 -704.000000
40400 -704.000000
40500 -704.000000
40600 -704.000000
40700 -704.000000
40800 -704.000000
40900 -704.000000
41000 -704.000000
41100 -705.000000
41200 -704.000000
41300 -704.000000
41400 -704.000000
41500 -704.000000
41600 -704.000000
41700 -704.000000
41800 -704.000000
41900 -704.000000
42000 -704.000000
42100 -704.000000
42200 -703.000000
42300 -704.000000
42400 -704.000000
42500 -704.000000
42600 -704.000000
42700 -704.000000
42800 -704.000000
42900 -685.000000
43000 -688.000000
43100 -705.000000
43200 -704.000000
43300 -696.000000
43400 -707.000000
43500 -704.000000
43600 -700.000000
43700 -683.000000
43800 -704.000000
43900 -686.000000
44000 -696.000000
44100 -701.000000
44200 -720.000000
44300 -720.000000
44400 -717.000000
44500 -719.000000
44600 -713.000000
44700 -713.000000
44800 -712.000000
44900 -719.000000
45000 -720.000000
45100 -719.000000
45200 -685.000000
45300 -709.000000
45400 -691.000000
45500 -701.000000
45600 -692.000000
45700 -706.000000
45800 -701.000000
45900 -696.000000
46000 -716.000000
46100 -693.000000
46200 -703.000000
46300 -670.000000
46400 -699.000000
46500 -704.000000
46600 -702.000000
46700 -696.000000
46800 -695.000000
46900 -700.000000
47000 -701.000000
47100 -700.000000
47200 -703.000000
47300 -700.000000
47400 -707.000000
47500 -701.000000
47600 -700.000000
47700 -707.000000
47800 -691.000000
47900 -704.000000
48000 -697.000000
48100 -704.000000
48200 -705.000000
48300 -702.000000
48400 -704.000000
48500 -704.000000
48600 -704.000000
48700 -702.000000
48800 -698.000000
48900 -695.000000
49000 -697.000000
49100 -700.000000
49200 -682.000000
49300 -701.000000
49400 -697.000000
49500 -694.000000
49600 -676.000000
49700 -695.000000
49800 -690.000000
49900 -695.000000
50000 -673.000000
50100 -693.000000
50200 -701.000000
50300 -703.000000
50400 -693.000000
50500 -703.000000
50600 -688.000000
50700 -686.000000
50800 -690.000000
50900 -693.000000
51000 -696.000000
51100 -695.000000
51200 -706.000000
51300 -700.000000
51400 -694.000000
51500 -695.000000
51600 -697.000000
51700 -699.000000
51800 -697.000000
51900 -703.000000
52000 -688.000000
52100 -697.000000
52200 -698.000000
52300 -699.000000
52400 -688.000000
52500 -702.000000
52600 -698.000000
52700 -694.000000
52800 -682.000000
52900 -695.000000
53000 -702.000000
53100 -688.000000
53200 -695.000000
53300 -683.000000
53400 -681.000000
53500 -697.000000
53600 -700.000000
53700 -696.000000
53800 -697.000000
53900 -669.000000
54000 -698.000000
54100 -701.000000
54200 -687.000000
54300 -700.000000
54400 -702.000000
54500 -701.000000
54600 -698.000000
54700 -703.000000
54800 -687.000000
54900 -687.000000
55000 -702.000000
55100 -688.000000
55200 -698.000000
55300 -693.000000
55400 -702.000000
55500 -702.000000
55600 -703.000000
55700 -702.000000
55800 -704.000000
55900 -704.000000
56000 -702.000000
56100 -703.000000
56200 -701.000000
56300 -703.000000
56400 -693.000000
56500 -694.000000
56600 -690.000000
56700 -693.000000
56800 -702.000000
56900 -699.000000
57000 -696.000000
57100 -697.000000
57200 -698.000000
57300 -694.000000
57400 -699.000000
57500 -704.000000
57600 -670.000000
57700 -701.000000
57800 -701.000000
57900 -697.000000
58000 -703.000000
58100 -703.000000
58200 -701.000000
58300 -704.000000
58400 -700.000000
58500 -692.000000
58600 -699.000000
58700 -704.000000
58800 -683.000000
58900 -701.000000
59000 -702.000000
59100 -700.000000
59200 -700.000000
59300 -698.000000
59400 -701.000000
59500 -700.000000
59600 -704.000000
59700 -703.000000
59800 -693.000000
59900 -698.000000
60000 -700.000000
60100 -701.000000
60200 -702.000000
60300 -684.000000
60400 -689.000000
60500 -702.000000
60600 -699.000000
60700 -699.000000
60800 -687.000000
60900 -696.000000
61000 -697.000000
61100 -700.000000
61200 -699.000000
61300 -694.000000
61400 -686.000000
61500 -700.000000
61600 -704.000000
61700 -698.000000
61800 -689.000000
61900 -695.000000
62000 -696.000000
62100 -685.000000
62200 -690.000000
62300 -683.000000
62400 -692.000000
62500 -699.000000
62600 -703.000000
62700 -690.000000
62800 -683.000000
62900 -701.000000
63000 -703.000000
63100 -691.000000
63200 -702.000000
63300 -704.000000
63400 -704.000000
63500 -704.000000
63600 -692.000000
63700 -703.000000
63800 -701.000000
63900 -705.000000
64000 -703.000000
64100 -704.000000
64200 -702.000000
64300 -703.000000
64400 -703.000000
64500 -704.000000
64600 -702.000000
64700 -700.000000
64800 -686.000000
64900 -694.000000
65000 -696.000000
65100 -698.000000
65200 -689.000000
65300 -675.000000
65400 -692.000000
65500 -700.000000
65600 -702.000000
65700 -698.000000
65800 -704.000000
65900 -700.000000
66000 -702.000000
66100 -703.000000
66200 -704.000000
66300 -703.000000
66400 -703.000000
66500 -703.000000
66600 -702.000000
66700 -702.000000
66800 -701.000000
66900 -703.000000
67000 -703.000000
67100 -702.000000
67200 -703.000000
67300 -702.000000
67400 -703.000000
67500 -703.000000
67600 -701.000000
67700 -704.000000
67800 -702.000000
67900 -703.000000
68000 -703.000000
68100 -703.000000
68200 -699.000000
68300 -703.000000
68400 -704.000000
68500 -704.000000
68600 -704.000000
68700 -699.000000
68800 -704.000000
68900 -702.000000
69000 -703.000000
69100 -691.000000
69200 -696.000000
69300 -701.000000
69400 -696.000000
69500 -701.000000
69600 -703.000000
69700 -703.000000
69800 -699.000000
69900 -698.000000
70000 -702.000000
70100 -696.000000
70200 -704.000000
70300 -702.000000
70400 -703.000000
70500 -701.000000
70600 -698.000000
70700 -694.000000
70800 -704.000000
70900 -702.000000
71000 -704.000000
71100 -698.000000
71200 -696.000000
71300 -702.000000
71400 -673.000000
71500 -672.000000
71600 -669.000000
71700 -672.000000
71800 -670.000000
71900 -666.000000
72000 -660.000000
72100 -672.000000
72200 -672.000000
72300 -672.000000
72400 -673.000000
72500 -672.000000
72600 -662.000000
72700 -670.000000
72800 -670.000000
72900 -667.000000
73000 -672.000000
73100 -663.000000
73200 -672.000000
73300 -671.000000
73400 -668.000000
73500 -668.000000
73600 -651.000000
73700 -684.000000
73800 -662.000000
73900 -650.000000
74000 -660.000000
74100 -691.000000
74200 -673.000000
74300 -674.000000
74400 -688.000000
74500 -669.000000
74600 -666.000000
74700 -683.000000
74800 -672.000000
74900 -667.000000
75000 -681.000000
75100 -660.000000
75200 -671.000000
75300 -663.000000
75400 -677.000000
75500 -684.000000
75600 -662.000000
75700 -652.000000
75800 -660.000000
75900 -663.000000
76000 -679.000000
76100 -670.000000
76200 -668.000000
76300 -653.000000
76400 -647.000000
76500 -662.000000
76600 -657.000000
76700 -650.000000
76800 -665.000000
76900 -667.000000
77000 -669.000000
77100 -669.000000
77200 -664.000000
77300 -659.000000
77400 -657.000000
77500 -655.000000
77600 -682.000000
77700 -666.000000
77800 -652.000000
77900 -659.000000
78000 -655.000000
78100 -657.000000
78200 -652.000000
78300 -663.000000
78400 -648.000000
78500 -679.000000
78600 -671.000000
78700 -668.000000
78800 -673.000000
78900 -664.000000
79000 -673.000000
79100 -677.000000
79200 -666.000000
79300 -671.000000
79400 -664.000000
79500 -672.000000
79600 -664.000000
79700 -670.000000
79800 -669.000000
79900 -677.000000
80000 -668.000000
80100 -668.000000
80200 -666.000000
80300 -672.000000
80400 -669.000000
80500 -675.000000
80600 -666.000000
80700 -672.000000
80800 -671.000000
80900 -672.000000
81000 -672.000000
81100 -676.000000
81200 -673.000000
81300 -673.000000
81400 -673.000000
81500 -676.000000
81600 -671.000000
81700 -676.000000
81800 -673.000000
81900 -672.000000
82000 -673.000000
82100 -674.000000
82200 -672.000000
82300 -672.000000
82400 -672.000000
82500 -673.000000
82600 -672.000000
82700 -670.000000
82800 -670.000000
82900 -666.000000
83000 -666.000000
83100 -669.000000
83200 -668.000000
83300 -666.000000
83400 -671.000000
83500 -672.000000
83600 -668.000000
83700 -669.000000
83800 -667.000000
83900 -667.000000
84000 -660.000000
84100 -659.000000
84200 -661.000000
84300 -657.000000
84400 -672.000000
84500 -661.000000
84600 -655.000000
84700 -654.000000
84800 -641.000000
84900 -640.000000
85000 -641.000000
85100 -640.000000
85200 -641.000000
85300 -640.000000
85400 -640.000000
85500 -640.000000
85600 -639.000000
85700 -640.000000
85800 -636.000000
85900 -621.000000
86000 -637.000000
86100 -621.000000
86200 -637.000000
86300 -640.000000
86400 -639.000000
86500 -636.000000
86600 -640.000000
86700 -629.000000
86800 -640.000000
86900 -640.000000
87000 -639.000000
87100 -637.000000
87200 -639.000000
87300 -639.000000
87400 -640.000000
87500 -641.000000
87600 -638.000000
87700 -640.000000
87800 -640.000000
87900 -628.000000
88000 -641.000000
88100 -640.000000
88200 -640.000000
88300 -640.000000
88400 -639.000000
88500 -639.000000
88600 -641.000000
88700 -638.000000
88800 -639.000000
88900 -640.000000
89000 -639.000000
89100 -639.000000
89200 -638.000000
89300 -639.000000
89400 -640.000000
89500 -639.000000
89600 -637.000000
89700 -639.000000
89800 -640.000000
89900 -640.000000
90000 -634.000000
90100 -632.000000
90200 -630.000000
90300 -630.000000
90400 -631.000000
90500 -635.000000
90600 -626.000000
90700 -625.000000
90800 -625.000000
90900 -626.000000
91000 -625.000000
91100 -628.000000
91200 -628.000000
91300 -619.000000
91400 -630.000000
91500 -631.000000
91600 -627.000000
91700 -625.000000
91800 -625.000000
91900 -620.000000
92000 -626.000000
92100 -626.000000
92200 -628.000000
92300 -631.000000
92400 -623.000000
92500 -626.000000
92600 -631.000000
92700 -626.000000
92800 -626.000000
92900 -626.000000
93000 -626.000000
93100 -627.000000
93200 -626.000000
93300 -626.000000
93400 -625.000000
93500 -624.000000
93600 -625.000000
93700 -624.000000
93800 -615.000000
93900 -625.000000
94000 -625.000000
94100 -622.000000
94200 -626.000000
94300 -625.000000
94400 -623.000000
94500 -626.000000
94600 -622.000000
94700 -625.000000
94800 -622.000000
94900 -624.000000
95000 -624.000000
95100 -626.000000
95200 -627.000000
95300 -627.000000
95400 -624.000000
95500 -629.000000
95600 -620.000000
95700 -627.000000
95800 -622.000000
95900 -624.000000
96000 -625.000000
96100 -626.000000
96200 -626.000000
96300 -624.000000
96400 -625.000000
96500 -624.000000
96600 -625.000000
96700 -624.000000
96800 -623.000000
96900 -623.000000
97000 -616.000000
97100 -625.000000
97200 -607.000000
97300 -624.000000
97400 -625.000000
97500 -624.000000
97600 -625.000000
97700 -625.000000
97800 -623.000000
97900 -623.000000
98000 -626.000000
98100 -625.000000
98200 -625.000000
98300 -624.000000
98400 -624.000000
98500 -624.000000
98600 -624.000000
98700 -620.000000
98800 -625.000000
98900 -624.000000
99000 -625.000000
99100 -624.000000
99200 -624.000000
99300 -624.000000
99400 -624.000000
99500 -622.000000
99600 -624.000000
99700 -622.000000
99800 -623.000000
99900 -623.000000
100000 -622.000000
100100 -622.000000
100200 -625.000000
100300 -623.000000
100400 -624.000000
100500 -623.000000
100600 -624.000000
100700 -623.000000
100800 -623.000000
100900 -625.000000
101000 -620.000000
101100 -622.000000
101200 -624.000000
101300 -617.000000
101400 -624.000000
101500 -622.000000
101600 -624.000000
101700 -621.000000
101800 -623.000000
101900 -623.000000
102000 -622.000000
102100 -624.000000
102200 -625.000000
102300 -622.000000
102400 -624.000000
102500 -624.000000
102600 -624.000000
102700 -625.000000
102800 -624.000000
102900 -624.000000
103000 -623.000000
103100 -622.000000
103200 -621.000000
103300 -623.000000
103400 -623.000000
103500 -617.000000
103600 -625.000000
103700 -623.000000
103800 -618.000000
103900 -623.000000
104000 -621.000000
104100 -625.000000
104200 -624.000000
104300 -623.000000
104400 -624.000000
104500 -625.000000
104600 -626.000000
104700 -624.000000
104800 -624.000000
104900 -625.000000
105000 -625.000000
105100 -624.000000
105200 -625.000000
105300 -624.000000
105400 -624.000000
105500 -624.000000
105600 -625.000000
105700 -624.000000
105800 -623.000000
105900 -623.000000
106000 -624.000000
106100 -623.000000
106200 -620.000000
106300 -625.000000
106400 -626.000000
106500 -623.000000
106600 -623.000000
106700 -625.000000
106800 -624.000000
106900 -625.000000
107000 -624.000000
107100 -624.000000
107200 -623.000000
107300 -623.000000
107400 -623.000000
107500 -623.000000
107600 -609.000000
107700 -610.000000
107800 -611.000000
107900 -608.000000
108000 -611.000000
108100 -610.000000
108200 -609.000000
108300 -610.000000
108400 -609.000000
108500 -608.000000
108600 -607.000000
108700 -610.000000
108800 -609.000000
108900 -608.000000
109000 -608.000000
109100 -609.000000
109200 -608.000000
109300 -610.000000
109400 -609.000000
109500 -608.000000
109600 -608.000000
109700 -611.000000
109800 -608.000000
109900 -608.000000
110000 -607.000000
110100 -608.000000
110200 -607.000000
110300 -604.000000
110400 -609.000000
110500 -610.000000
110600 -608.000000
110700 -609.000000
110800 -608.000000
110900 -609.000000
111000 -608.000000
111100 -610.000000
111200 -609.000000
111300 -608.000000
111400 -608.000000
111500 -609.000000
111600 -608.000000
111700 -608.000000
111800 -608.000000
111900 -607.000000
112000 -609.000000
112100 -608.000000
112200 -608.000000
112300 -609.000000
112400 -609.000000
112500 -610.000000
112600 -611.000000
112700 -609.000000
112800 -610.000000
112900 -608.000000
113000 -607.000000
113100 -608.000000
113200 -609.000000
113300 -607.000000
113400 -609.000000
113500 -609.000000
113600 -610.000000
113700 -607.000000
113800 -609.000000
113900 -610.000000
114000 -608.000000
114100 -610.000000
114200 -608.000000
114300 -609.000000
114400 -607.000000
114500 -608.000000
114600 -610.000000
114700 -608.000000
114800 -605.000000
114900 -609.000000
115000 -607.000000
115100 -608.000000
115200 -609.000000
115300 -610.000000
115400 -610.000000
115500 -606.000000
115600 -610.000000
115700 -608.000000
115800 -611.000000
115900 -612.000000
116000 -610.000000
116100 -608.000000
116200 -608.000000
116300 -608.000000
116400 -606.000000
116500 -608.000000
116600 -610.000000
116700 -608.000000
116800 -608.000000
116900 -607.000000
117000 -609.000000
117100 -609.000000
117200 -609.000000
117300 -609.000000
117400 -608.000000
117500 -609.000000
117600 -610.000000
117700 -608.000000
117800 -609.000000
117900 -609.000000
118000 -608.000000
118100 -608.000000
118200 -609.000000
118300 -607.000000
118400 -609.000000
118500 -608.000000
118600 -610.000000
118700 -607.000000
118800 -608.000000
118900 -609.000000
119000 -609.000000
119100 -609.000000
119200 -609.000000
119300 -611.000000
119400 -608.000000
119500 -607.000000
119600 -605.000000
119700 -604.000000
119800 -607.000000
119900 -610.000000
120000 -609.000000
120100 -609.000000
120200 -609.000000
120300 -608.000000
120400 -611.000000
120500 -608.000000
120600 -605.000000
120700 -609.000000
120800 -608.000000
120900 -609.000000
121000 -607.000000
121100 -610.000000
121200 -607.000000
121300 -609.000000
121400 -610.000000
121500 -612.000000
121600 -607.000000
121700 -608.000000
121800 -608.000000
121900 -610.000000
122000 -606.000000
122100 -609.000000
122200 -608.000000
122300 -609.000000
122400 -609.000000
122500 -609.000000
122600 -605.000000
122700 -607.000000
122800 -609.000000
122900 -608.000000
123000 -608.000000
123100 -608.000000
123200 -610.000000
123300 -607.000000
123400 -608.000000
123500 -609.000000
123600 -608.000000
123700 -611.000000
123800 -608.000000
123900 -609.000000
124000 -609.000000
124100 -608.000000
124200 -610.000000
124300 -609.000000
124400 -607.000000
124500 -606.000000
124600 -610.000000
124700 -607.000000
124800 -610.000000
124900 -609.000000
125000 -610.000000
125100 -608.000000
125200 -610.000000
125300 -611.000000
125400 -608.000000
125500 -609.000000
125600 -609.000000
125700 -608.000000
125800 -608.000000
125900 -612.000000
126000 -607.000000
126100 -609.000000
126200 -612.000000
126300 -606.000000
126400 -610.000000
126500 -611.000000
126600 -611.000000
126700 -608.000000
126800 -610.000000
126900 -611.000000
127000 -607.000000
127100 -611.000000
127200 -607.000000
127300 -608.000000
127400 -606.000000
127500 -607.000000
127600 -611.000000
127700 -608.000000
127800 -609.000000
127900 -604.000000
128000 -605.000000
128100 -600.000000
128200 -603.000000
128300 -614.000000
128400 -616.000000
128500 -606.000000
128600 -613.000000
128700 -605.000000
128800 -611.000000
128900 -608.000000
129000 -619.000000
129100 -618.000000
129200 -614.000000
129300 -620.000000
129400 -621.000000
129500 -613.000000
129600 -618.000000
129700 -608.000000
129800 -613.000000
129900 -609.000000
130000 -609.000000
130100 -606.000000
130200 -608.000000
130300 -609.000000
130400 -609.000000
130500 -617.000000
130600 -606.000000
130700 -610.000000
130800 -611.000000
130900 -614.000000
131000 -613.000000
131100 -610.000000
131200 -605.000000
131300 -609.000000
131400 -614.000000
131500 -606.000000
131600 -613.000000
131700 -607.000000
131800 -608.000000
131900 -609.000000
132000 -605.000000
132100 -604.000000
132200 -605.000000
132300 -603.000000
132400 -601.000000
132500 -608.000000
132600 -601.000000
132700 -610.000000
132800 -603.000000
132900 -613.000000
133000 -603.000000
133100 -601.000000
133200 -602.000000
133300 -601.000000
133400 -606.000000
133500 -599.000000
133600 -612.000000
133700 -604.000000
133800 -604.000000
133900 -602.000000
134000 -608.000000
134100 -604.000000
134200 -602.000000
134300 -611.000000
134400 -606.000000
134500 -605.000000
134600 -606.000000
134700 -605.000000
134800 -602.000000
134900 -608.000000
135000 -606.000000
135100 -603.000000
135200 -608.000000
135300 -610.000000
135400 -610.000000
135500 -611.000000
135600 -604.000000
135700 -609.000000
135800 -606.000000
135900 -607.000000
136000 -601.000000
136100 -606.000000
136200 -609.000000
136300 -611.000000
136400 -609.000000
136500 -603.000000
136600 -609.000000
136700 -612.000000
136800 -607.000000
136900 -607.000000
137000 -608.000000
137100 -609.000000
137200 -607.000000
137300 -608.000000
137400 -607.000000
137500 -608.000000
137600 -607.000000
137700 -609.000000
137800 -609.000000
137900 -607.000000
138000 -608.000000
138100 -607.000000
138200 -608.000000
138300 -609.000000
138400 -608.000000
138500 -609.000000
138600 -608.000000
138700 -608.000000
138800 -608.000000
138900 -607.000000
139000 -608.000000
139100 -609.000000
139200 -613.000000
139300 -611.000000
139400 -610.000000
139500 -607.000000
139600 -609.000000
139700 -605.000000
139800 -608.000000
139900 -606.000000
140000 -613.000000
140100 -609.000000
140200 -601.000000
140300 -606.000000
140400 -607.000000
140500 -610.000000
140600 -607.000000
140700 -609.000000
140800 -609.000000
140900 -608.000000
141000 -608.000000
141100 -602.000000
141200 -608.000000
141300 -608.000000
141400 -605.000000
141500 -606.000000
141600 -606.000000
141700 -605.000000
141800 -614.000000
141900 -608.000000
142000 -596.000000
142100 -609.000000
142200 -607.000000
142300 -610.000000
142400 -612.000000
142500 -600.000000
142600 -612.000000
142700 -604.000000
142800 -601.000000
142900 -604.000000
143000 -608.000000
143100 -609.000000
143200 -603.000000
143300 -596.000000
143400 -609.000000
143500 -605.000000
143600 -608.000000
143700 -603.000000
143800 -608.000000
143900 -603.000000
144000 -604.000000
144100 -611.000000
144200 -605.000000
144300 -608.000000
144400 -609.000000
144500 -609.000000
144600 -613.000000
144700 -604.000000
144800 -611.000000
144900 -605.000000
145000 -609.000000
145100 -607.000000
145200 -608.000000
145300 -609.000000
145400 -603.000000
145500 -607.000000
145600 -606.000000
145700 -604.000000
145800 -604.000000
145900 -616.000000
146000 -610.000000
146100 -606.000000
146200 -609.000000
146300 -607.000000
146400 -607.000000
146500 -608.000000
146600 -610.000000
146700 -610.000000
146800 -608.000000
146900 -609.000000
147000 -607.000000
147100 -607.000000
147200 -608.000000
147300 -608.000000
147400 -603.000000
147500 -609.000000
147600 -607.000000
147700 -608.000000
147800 -608.000000
147900 -608.000000
148000 -607.000000
148100 -607.000000
148200 -608.000000
148300 -608.000000
148400 -607.000000
148500 -607.000000
148600 -608.000000
148700 -605.000000
148800 -605.000000
148900 -606.000000
149000 -606.000000
149100 -605.000000
149200 -605.000000
149300 -607.000000
149400 -605.000000
149500 -605.000000
149600 -608.000000
149700 -607.000000
149800 -608.000000
149900 -608.000000
150000 -608.000000
150100 -607.000000
150200 -607.000000
150300 -604.000000
150400 -608.000000
150500 -609.000000
150600 -605.000000
150700 -608.000000
150800 -606.000000
150900 -603.000000
151000 -607.000000
151100 -606.000000
151200 -609.000000
151300 -608.000000
151400 -608.000000
151500 -595.000000
151600 -602.000000
151700 -599.000000
151800 -608.000000
151900 -608.000000
152000 -608.000000
152100 -605.000000
152200 -608.000000
152300 -607.000000
152400 -607.000000
152500 -607.000000
152600 -608.000000
152700 -606.000000
152800 -605.000000
152900 -608.000000
153000 -608.000000
153100 -605.000000
153200 -602.000000
153300 -607.000000
153400 -607.000000
153500 -607.000000
153600 -609.000000
153700 -608.000000
153800 -601.000000
153900 -605.000000
154000 -608.000000
154100 -610.000000
154200 -610.000000
154300 -606.000000
154400 -602.000000
154500 -603.000000
154600 -604.000000
154700 -607.000000
154800 -597.000000
154900 -605.000000
155000 -609.000000
155100 -603.000000
155200 -604.000000
155300 -609.000000
155400 -601.000000
155500 -608.000000
155600 -607.000000
155700 -608.000000
155800 -610.000000
155900 -607.000000
156000 -611.000000
156100 -610.000000
156200 -610.000000
156300 -610.000000
156400 -609.000000
156500 -605.000000
156600 -609.000000
156700 -607.000000
156800 -607.000000
156900 -611.000000
157000 -608.000000
157100 -606.000000
157200 -607.000000
157300 -599.000000
157400 -603.000000
157500 -609.000000
157600 -600.000000
157700 -611.000000
157800 -603.000000
157900 -610.000000
158000 -607.000000
158100 -607.000000
158200 -609.000000
158300 -606.000000
158400 -607.000000
158500 -607.000000
158600 -607.000000
158700 -607.000000
158800 -607.000000
158900 -607.000000
159000 -607.000000
159100 -609.000000
159200 -607.000000
159300 -607.000000
159400 -605.000000
159500 -599.000000
159600 -607.000000
159700 -607.000000
159800 -608.000000
159900 -608.000000
160000 -608.000000
160100 -607.000000
160200 -608.000000
160300 -606.000000
160400 -609.000000
160500 -604.000000
160600 -608.000000
160700 -609.000000
160800 -609.000000
160900 -606.000000
161000 -608.000000
161100 -607.000000
161200 -610.000000
161300 -606.000000
161400 -606.000000
161500 -611.000000
161600 -607.000000
161700 -606.000000
161800 -606.000000
161900 -603.000000
162000 -607.000000
162100 -609.000000
162200 -607.000000
162300 -608.000000
162400 -606.000000
162500 -608.000000
162600 -606.000000
162700 -606.000000
162800 -606.000000
162900 -606.000000
163000 -608.000000
163100 -609.000000
163200 -610.000000
163300 -611.000000
163400 -609.000000
163500 -605.000000
163600 -609.000000
163700 -606.000000
163800 -610.000000
163900 -605.000000
164000 -609.000000
164100 -608.000000
164200 -605.000000
164300 -608.000000
164400 -609.000000
164500 -610.000000
164600 -609.000000
164700 -610.000000
164800 -609.000000
164900 -606.000000
165000 -613.000000
165100 -603.000000
165200 -606.000000
165300 -606.000000
165400 -603.000000
165500 -606.000000
165600 -610.000000
165700 -604.000000
165800 -606.000000
165900 -608.000000
166000 -604.000000
166100 -605.000000
166200 -607.000000
166300 -604.000000
166400 -607.000000
166500 -608.000000
166600 -604.000000
166700 -608.000000
166800 -607.000000
166900 -608.000000
167000 -609.000000
167100 -608.000000
167200 -605.000000
167300 -608.000000
167400 -609.000000
167500 -603.000000
167600 -608.000000
167700 -606.000000
167800 -605.000000
167900 -607.000000
168000 -610.000000
168100 -605.000000
168200 -608.000000
168300 -604.000000
168400 -607.000000
168500 -604.000000
168600 -608.000000
168700 -607.000000
168800 -609.000000
168900 -607.000000
169000 -606.000000
169100 -604.000000
169200 -605.000000
169300 -606.000000
169400 -606.000000
169500 -609.000000
169600 -605.000000
169700 -607.000000
169800 -607.000000
169900 -608.000000
170000 -608.000000
170100 -608.000000
170200 -604.000000
170300 -605.000000
170400 -608.000000
170500 -604.000000
170600 -608.000000
170700 -606.000000
170800 -610.000000
170900 -609.000000
171000 -606.000000
171100 -609.000000
171200 -606.000000
171300 -606.000000
171400 -608.000000
171500 -608.000000
171600 -608.000000
171700 -609.000000
171800 -606.000000
171900 -608.000000
172000 -609.000000
172100 -608.000000
172200 -606.000000
172300 -609.000000
172400 -607.000000
172500 -601.000000
172600 -609.000000
172700 -607.000000
172800 -607.000000
172900 -608.000000
173000 -608.000000
173100 -607.000000
173200 -610.000000
173300 -608.000000
173400 -607.000000
173500 -608.000000
173600 -607.000000
173700 -608.000000
173800 -608.000000
173900 -607.000000
174000 -608.000000
174100 -609.000000
174200 -607.000000
174300 -608.000000
174400 -610.000000
174500 -608.000000
174600 -608.000000
174700 -608.000000
174800 -606.000000
174900 -609.000000
175000 -608.000000
175100 -607.000000
175200 -608.000000
175300 -606.000000
175400 -609.000000
175500 -608.000000
175600 -608.000000
175700 -608.000000
175800 -606.000000
175900 -606.000000
176000 -609.000000
176100 -604.000000
176200 -605.000000
176300 -605.000000
176400 -607.000000
176500 -608.000000
176600 -607.000000
176700 -608.000000
176800 -607.000000
176900 -610.000000
177000 -609.000000
177100 -608.000000
177200 -607.000000
177300 -599.000000
177400 -604.000000
177500 -606.000000
177600 -609.000000
177700 -608.000000
177800 -608.000000
177900 -606.000000
178000 -610.000000
178100 -610.000000
178200 -610.000000
178300 -611.000000
178400 -605.000000
178500 -609.000000
178600 -605.000000
178700 -610.000000
178800 -608.000000
178900 -607.000000
179000 -607.000000
179100 -608.000000
179200 -610.000000
179300 -608.000000
179400 -610.000000
179500 -608.000000
179600 -610.000000
179700 -605.000000
179800 -605.000000
179900 -608.000000
180000 -608.000000
180100 -609.000000
180200 -608.000000
180300 -607.000000
180400 -608.000000
180500 -607.000000
180600 -611.000000
180700 -608.000000
180800 -609.000000
180900 -608.000000
181000 -606.000000
181100 -609.000000
181200 -608.000000
181300 -610.000000
181400 -609.000000
181500 -609.000000
181600 -609.000000
181700 -607.000000
181800 -608.000000
181900 -609.000000
182000 -607.000000
182100 -609.000000
182200 -605.000000
182300 -609.000000
182400 -609.000000
182500 -608.000000
182600 -611.000000
182700 -607.000000
182800 -607.000000
182900 -609.000000
183000 -606.000000
183100 -609.000000
183200 -604.000000
183300 -608.000000
183400 -608.000000
183500 -608.000000
183600 -608.000000
183700 -607.000000
183800 -608.000000
183900 -609.000000
184000 -606.000000
184100 -609.000000
184200 -608.000000
184300 -608.000000
184400 -607.000000
184500 -609.000000
184600 -610.000000
184700 -606.000000
184800 -610.000000
184900 -608.000000
185000 -608.000000
185100 -606.000000
185200 -607.000000
185300 -607.000000
185400 -608.000000
185500 -608.000000
185600 -607.000000
185700 -608.000000
185800 -608.000000
185900 -608.000000
186000 -606.000000
186100 -606.000000
186200 -607.000000
186300 -607.000000
186400 -607.000000
186500 -606.000000
186600 -606.000000
186700 -607.000000
186800 -607.000000
186900 -607.000000
187000 -608.000000
187100 -607.000000
187200 -608.000000
187300 -607.000000
187400 -606.000000
187500 -608.000000
187600 -607.000000
187700 -607.000000
187800 -607.000000
187900 -605.000000
188000 -607.000000
188100 -609.000000
188200 -606.000000
188300 -607.000000
188400 -608.000000
188500 -608.000000
188600 -607.000000
188700 -606.000000
188800 -606.000000
188900 -607.000000
189000 -603.000000
189100 -608.000000
189200 -609.000000
189300 -606.000000
189400 -606.000000
189500 -607.000000
189600 -606.000000
189700 -605.000000
189800 -607.000000
189900 -607.000000
190000 -608.000000
190100 -606.000000
190200 -609.000000
190300 -603.000000
190400 -607.000000
190500 -608.000000
190600 -606.000000
190700 -608.000000
190800 -607.000000
190900 -607.000000
191000 -605.000000
191100 -606.000000
191200 -606.000000
191300 -607.000000
191400 -607.000000
191500 -608.000000
191600 -607.000000
191700 -603.000000
191800 -607.000000
191900 -608.000000
192000 -609.000000
192100 -606.000000
192200 -606.000000
192300 -607.000000
192400 -609.000000
192500 -609.000000
192600 -606.000000
192700 -606.000000
192800 -607.000000
192900 -605.000000
193000 -605.000000
193100 -607.000000
193200 -607.000000
193300 -608.000000
193400 -607.000000
193500 -608.000000
193600 -606.000000
193700 -605.000000
193800 -605.000000
193900 -608.000000
194000 -603.000000
194100 -606.000000
194200 -607.000000
194300 -606.000000
194400 -606.000000
194500 -608.000000
194600 -606.000000
194700 -606.000000
194800 -607.000000
194900 -608.000000
195000 -607.000000
195100 -607.000000
195200 -604.000000
195300 -602.000000
195400 -607.000000
195500 -606.000000
195600 -606.000000
195700 -606.000000
195800 -607.000000
195900 -608.000000
196000 -606.000000
196100 -605.000000
196200 -608.000000
196300 -607.000000
196400 -607.000000
196500 -606.000000
196600 -606.000000
196700 -606.000000
196800 -607.000000
196900 -608.000000
197000 -605.000000
197100 -608.000000
197200 -605.000000
197300 -605.000000
197400 -606.000000
197500 -606.000000
197600 -607.000000
197700 -608.000000
197800 -607.000000
197900 -606.000000
198000 -606.000000
198100 -606.000000
198200 -607.000000
198300 -606.000000
198400 -606.000000
198500 -606.000000
198600 -608.000000
198700 -606.000000
198800 -607.000000
198900 -607.000000
199000 -608.000000
199100 -604.000000
199200 -608.000000
199300 -605.000000
199400 -606.000000
199500 -607.000000
199600 -605.000000
199700 -606.000000
199800 -606.000000
199900 -605.000000
