0 -896.000000
100 -894.000000
200 -896.000000
300 -896.000000
400 -896.000000
500 -896.000000
600 -894.000000
700 -890.000000
800 -889.000000
900 -894.000000
1000 -880.000000
1100 -890.000000
1200 -864.000000
1300 -864.000000
1400 -864.000000
1500 -864.000000
1600 -864.000000
1700 -864.000000
1800 -864.000000
1900 -864.000000
2000 -864.000000
2100 -864.000000
2200 -864.000000
2300 -864.000000
2400 -864.000000
2500 -864.000000
2600 -864.000000
2700 -832.000000
2800 -815.000000
2900 -832.000000
3000 -832.000000
3100 -832.000000
3200 -832.000000
3300 -832.000000
3400 -832.000000
3500 -832.000000
3600 -832.000000
3700 -832.000000
3800 -832.000000
3900 -832.000000
4000 -832.000000
4100 -832.000000
4200 -832.000000
4300 -832.000000
4400 -832.000000
4500 -832.000000
4600 -832.000000
4700 -832.000000
4800 -832.000000
4900 -832.000000
5000 -832.000000
5100 -832.000000
5200 -832.000000
5300 -832.000000
5400 -832.000000
5500 -832.000000
5600 -832.000000
5700 -832.000000
5800 -829.000000
5900 -832.000000
6000 -832.000000
6100 -831.000000
6200 -832.000000
6300 -831.000000
6400 -832.000000
6500 -832.000000
6600 -832.000000
6700 -831.000000
6800 -832.000000
6900 -832.000000
7000 -832.000000
7100 -832.000000
7200 -832.000000
7300 -830.000000
7400 -827.000000
7500 -829.000000
7600 -830.000000
7700 -830.000000
7800 -828.000000
7900 -827.000000
8000 -829.000000
8100 -830.000000
8200 -832.000000
8300 -832.000000
8400 -800.000000
8500 -800.000000
8600 -800.000000
8700 -797.000000
8800 -795.000000
8900 -795.000000
9000 -789.000000
9100 -799.000000
9200 -800.000000
9300 -798.000000
9400 -800.000000
9500 -790.000000
9600 -793.000000
9700 -798.000000
9800 -788.000000
9900 -800.000000
10000 -788.000000
10100 -786.000000
10200 -799.000000
10300 -782.000000
10400 -794.000000
10500 -800.000000
10600 -790.000000
10700 -788.000000
10800 -800.000000
10900 -797.000000
11000 -800.000000
11100 -800.000000
11200 -800.000000
11300 -800.000000
11400 -800.000000
11500 -800.000000
11600 -798.000000
11700 -795.000000
11800 -794.000000
11900 -788.000000
12000 -792.000000
12100 -800.000000
12200 -792.000000
12300 -783.000000
12400 -789.000000
12500 -794.000000
12600 -800.000000
12700 -769.000000
12800 -771.000000
12900 -768.000000
13000 -767.000000
13100 -768.000000
13200 -768.000000
13300 -768.000000
13400 -770.000000
13500 -768.000000
13600 -771.000000
13700 -768.000000
13800 -771.000000
13900 -764.000000
14000 -767.000000
14100 -768.000000
14200 -770.000000
14300 -769.000000
14400 -767.000000
14500 -769.000000
14600 -769.000000
14700 -769.000000
14800 -770.000000
14900 -768.000000
15000 -769.000000
15100 -772.000000
15200 -767.000000
15300 -767.000000
15400 -770.000000
15500 -768.000000
15600 -769.000000
15700 -770.000000
15800 -768.000000
15900 -767.000000
16000 -768.000000
16100 -766.000000
16200 -768.000000
16300 -766.000000
16400 -766.000000
16500 -769.000000
16600 -769.000000
16700 -768.000000
16800 -770.000000
16900 -767.000000
17000 -771.000000
17100 -766.000000
17200 -768.000000
17300 -768.000000
17400 -770.000000
17500 -767.000000
17600 -773.000000
17700 -769.000000
17800 -773.000000
17900 -767.000000
18000 -770.000000
18100 -771.000000
18200 -764.000000
18300 -768.000000
18400 -769.000000
18500 -770.000000
18600 -769.000000
18700 -768.000000
18800 -767.000000
18900 -765.000000
19000 -769.000000
19100 -767.000000
19200 -767.000000
19300 -770.000000
19400 -768.000000
19500 -770.000000
19600 -766.000000
19700 -768.000000
19800 -768.000000
19900 -768.000000
20000 -769.000000
20100 -770.000000
20200 -772.000000
20300 -767.000000
20400 -767.000000
20500 -766.000000
20600 -769.000000
20700 -769.000000
20800 -769.000000
20900 -768.000000
21000 -769.000000
21100 -770.000000
21200 -767.000000
21300 -772.000000
21400 -768.000000
21500 -767.000000
21600 -769.000000
21700 -771.000000
21800 -770.000000
21900 -765.000000
22000 -771.000000
22100 -769.000000
22200 -769.000000
22300 -770.000000
22400 -767.000000
22500 -767.000000
22600 -772.000000
22700 -769.000000
22800 -768.000000
22900 -769.000000
23000 -766.000000
23100 -768.000000
23200 -769.000000
23300 -770.000000
23400 -768.000000
23500 -768.000000
23600 -767.000000
23700 -766.000000
23800 -770.000000
23900 -769.000000
24000 -766.000000
24100 -765.000000
24200 -768.000000
24300 -768.000000
24400 -767.000000
24500 -766.000000
24600 -768.000000
24700 -768.000000
24800 -769.000000
24900 -766.000000
25000 -768.000000
25100 -763.000000
25200 -770.000000
25300 -769.000000
25400 -768.000000
25500 -768.000000
25600 -767.000000
25700 -768.000000
25800 -768.000000
25900 -767.000000
26000 -768.000000
26100 -767.000000
26200 -751.000000
26300 -765.000000
26400 -767.000000
26500 -768.000000
26600 -761.000000
26700 -760.000000
26800 -768.000000
26900 -764.000000
27000 -757.000000
27100 -767.000000
27200 -759.000000
27300 -768.000000
27400 -766.000000
27500 -767.000000
27600 -765.000000
27700 -766.000000
27800 -768.000000
27900 -767.000000
28000 -766.000000
28100 -767.000000
28200 -768.000000
28300 -766.000000
28400 -764.000000
28500 -764.000000
28600 -753.000000
28700 -766.000000
28800 -760.000000
28900 -767.000000
29000 -768.000000
29100 -758.000000
29200 -758.000000
29300 -767.000000
29400 -766.000000
29500 -766.000000
29600 -766.000000
29700 -766.000000
29800 -766.000000
29900 -767.000000
30000 -760.000000
30100 -765.000000
30200 -760.000000
30300 -765.000000
30400 -767.000000
30500 -766.000000
30600 -766.000000
30700 -762.000000
30800 -768.000000
30900 -767.000000
31000 -766.000000
31100 -768.000000
31200 -765.000000
31300 -764.000000
31400 -765.000000
31500 -767.000000
31600 -765.000000
31700 -766.000000
31800 -756.000000
31900 -762.000000
32000 -764.000000
32100 -767.000000
32200 -765.000000
32300 -767.000000
32400 -768.000000
32500 -765.000000
32600 -767.000000
32700 -768.000000
32800 -766.000000
32900 -765.000000
33000 -767.000000
33100 -767.000000
33200 -768.000000
33300 -768.000000
33400 -767.000000
33500 -767.000000
33600 -768.000000
33700 -769.000000
33800 -768.000000
33900 -764.000000
34000 -767.000000
34100 -766.000000
34200 -767.000000
34300 -766.000000
34400 -768.000000
34500 -766.000000
34600 -766.000000
34700 -768.000000
34800 -765.000000
34900 -768.000000
35000 -768.000000
35100 -767.000000
35200 -765.000000
35300 -765.000000
35400 -767.000000
35500 -766.000000
35600 -767.000000
35700 -767.000000
35800 -766.000000
35900 -767.000000
36000 -767.000000
36100 -768.000000
36200 -768.000000
36300 -762.000000
36400 -768.000000
36500 -766.000000
36600 -766.000000
36700 -767.000000
36800 -765.000000
36900 -767.000000
37000 -766.000000
37100 -765.000000
37200 -765.000000
37300 -766.000000
37400 -768.000000
37500 -764.000000
37600 -767.000000
37700 -767.000000
37800 -768.000000
37900 -768.000000
38000 -766.000000
38100 -767.000000
38200 -766.000000
38300 -767.000000
38400 -764.000000
38500 -766.000000
38600 -765.000000
38700 -767.000000
38800 -766.000000
38900 -767.000000
39000 -765.000000
39100 -766.000000
39200 -764.000000
39300 -763.000000
39400 -766.000000
39500 -766.000000
39600 -766.000000
39700 -767.000000
39800 -765.000000
39900 -766.000000
40000 -765.000000
40100 -766.000000
40200 -767.000000
40300 -765.000000
40400 -766.000000
40500 -759.000000
40600 -767.000000
40700 -765.000000
40800 -766.000000
40900 -748.000000
41000 -761.000000
41100 -765.000000
41200 -765.000000
41300 -766.000000
41400 -766.000000
41500 -766.000000
41600 -766.000000
41700 -766.000000
41800 -766.000000
41900 -766.000000
42000 -767.000000
42100 -767.000000
42200 -764.000000
42300 -764.000000
42400 -766.000000
42500 -762.000000
42600 -766.000000
42700 -766.000000
42800 -766.000000
42900 -766.000000
43000 -765.000000
43100 -767.000000
43200 -767.000000
43300 -766.000000
43400 -765.000000
43500 -767.000000
43600 -762.000000
43700 -767.000000
43800 -766.000000
43900 -764.000000
44000 -764.000000
44100 -767.000000
44200 -767.000000
44300 -765.000000
44400 -766.000000
44500 -767.000000
44600 -767.000000
44700 -764.000000
44800 -766.000000
44900 -767.000000
45000 -766.000000
45100 -767.000000
45200 -766.000000
45300 -767.000000
45400 -766.000000
45500 -766.000000
45600 -766.000000
45700 -764.000000
45800 -767.000000
45900 -766.000000
46000 -764.000000
46100 -766.000000
46200 -766.000000
46300 -765.000000
46400 -767.000000
46500 -764.000000
46600 -763.000000
46700 -766.000000
46800 -766.000000
46900 -765.000000
47000 -767.000000
47100 -766.000000
47200 -767.000000
47300 -766.000000
47400 -767.000000
47500 -766.000000
47600 -766.000000
47700 -766.000000
47800 -765.000000
47900 -765.000000
48000 -767.000000
48100 -766.000000
48200 -765.000000
48300 -761.000000
48400 -765.000000
48500 -766.000000
48600 -765.000000
48700 -765.000000
48800 -765.000000
48900 -765.000000
49000 -764.000000
49100 -766.000000
49200 -767.000000
49300 -764.000000
49400 -766.000000
49500 -765.000000
49600 -766.000000
49700 -767.000000
49800 -763.000000
49900 -766.000000
50000 -766.000000
50100 -765.000000
50200 -766.000000
50300 -766.000000
50400 -764.000000
50500 -765.000000
50600 -766.000000
50700 -766.000000
50800 -765.000000
50900 -765.000000
51000 -765.000000
51100 -767.000000
51200 -766.000000
51300 -766.000000
51400 -766.000000
51500 -767.000000
51600 -764.000000
51700 -766.000000
51800 -766.000000
51900 -767.000000
52000 -767.000000
52100 -767.000000
52200 -767.000000
52300 -766.000000
52400 -764.000000
52500 -763.000000
52600 -759.000000
52700 -767.000000
52800 -766.000000
52900 -766.000000
53000 -766.000000
53100 -767.000000
53200 -766.000000
53300 -766.000000
53400 -765.000000
53500 -764.000000
53600 -767.000000
53700 -765.000000
53800 -763.000000
53900 -766.000000
54000 -765.000000
54100 -767.000000
54200 -765.000000
54300 -765.000000
54400 -766.000000
54500 -766.000000
54600 -766.000000
54700 -764.000000
54800 -764.000000
54900 -765.000000
55000 -763.000000
55100 -767.000000
55200 -764.000000
55300 -767.000000
55400 -765.000000
55500 -765.000000
55600 -767.000000
55700 -766.000000
55800 -762.000000
55900 -766.000000
56000 -767.000000
56100 -767.000000
56200 -766.000000
56300 -766.000000
56400 -766.000000
56500 -765.000000
56600 -765.000000
56700 -767.000000
56800 -766.000000
56900 -762.000000
57000 -766.000000
57100 -765.000000
57200 -767.000000
57300 -767.000000
57400 -761.000000
57500 -765.000000
57600 -766.000000
57700 -762.000000
57800 -762.000000
57900 -767.000000
58000 -766.000000
58100 -766.000000
58200 -767.000000
58300 -766.000000
58400 -762.000000
58500 -766.000000
58600 -767.000000
58700 -763.000000
58800 -766.000000
58900 -765.000000
59000 -763.000000
59100 -766.000000
59200 -767.000000
59300 -765.000000
59400 -766.000000
59500 -767.000000
59600 -766.000000
59700 -766.000000
59800 -765.000000
59900 -767.000000
60000 -765.000000
60100 -767.000000
60200 -767.000000
60300 -767.000000
60400 -764.000000
60500 -765.000000
60600 -766.000000
60700 -766.000000
60800 -764.000000
60900 -767.000000
61000 -767.000000
61100 -765.000000
61200 -763.000000
61300 -766.000000
61400 -767.000000
61500 -766.000000
61600 -767.000000
61700 -767.000000
61800 -763.000000
61900 -766.000000
62000 -765.000000
62100 -766.000000
62200 -767.000000
62300 -765.000000
62400 -766.000000
62500 -765.000000
62600 -765.000000
62700 -767.000000
62800 -766.000000
62900 -767.000000
63000 -766.000000
63100 -765.000000
63200 -767.000000
63300 -765.000000
63400 -765.000000
63500 -764.000000
63600 -765.000000
63700 -767.000000
63800 -766.000000
63900 -766.000000
64000 -764.000000
64100 -764.000000
64200 -763.000000
64300 -765.000000
64400 -763.000000
64500 -765.000000
64600 -767.000000
64700 -766.000000
64800 -765.000000
64900 -765.000000
65000 -764.000000
65100 -764.000000
65200 -767.000000
65300 -766.000000
65400 -763.000000
65500 -766.000000
65600 -766.000000
65700 -766.000000
65800 -766.000000
65900 -763.000000
66000 -767.000000
66100 -763.000000
66200 -766.000000
66300 -766.000000
66400 -766.000000
66500 -766.000000
66600 -767.000000
66700 -766.000000
66800 -767.000000
66900 -765.000000
67000 -764.000000
67100 -763.000000
67200 -764.000000
67300 -767.000000
67400 -766.000000
67500 -764.000000
67600 -766.000000
67700 -763.000000
67800 -767.000000
67900 -767.000000
68000 -766.000000
68100 -767.000000
68200 -763.000000
68300 -767.000000
68400 -767.000000
68500 -766.000000
68600 -767.000000
68700 -767.000000
68800 -766.000000
68900 -767.000000
69000 -766.000000
69100 -766.000000
69200 -764.000000
69300 -766.000000
69400 -766.000000
69500 -767.000000
69600 -762.000000
69700 -765.000000
69800 -765.000000
69900 -765.000000
70000 -765.000000
70100 -764.000000
70200 -764.000000
70300 -767.000000
70400 -766.000000
70500 -767.000000
70600 -764.000000
70700 -765.000000
70800 -765.000000
70900 -766.000000
71000 -766.000000
71100 -766.000000
71200 -764.000000
71300 -763.000000
71400 -765.000000
71500 -765.000000
71600 -765.000000
71700 -766.000000
71800 -766.000000
71900 -767.000000
72000 -764.000000
72100 -766.000000
72200 -766.000000
72300 -766.000000
72400 -766.000000
72500 -766.000000
72600 -767.000000
72700 -766.000000
72800 -763.000000
72900 -766.000000
73000 -766.000000
73100 -766.000000
73200 -765.000000
73300 -764.000000
73400 -765.000000
73500 -764.000000
73600 -766.000000
73700 -764.000000
73800 -767.000000
73900 -767.000000
74000 -766.000000
74100 -766.000000
74200 -767.000000
74300 -765.000000
74400 -761.000000
74500 -767.000000
74600 -766.000000
74700 -764.000000
74800 -765.000000
74900 -764.000000
75000 -767.000000
75100 -765.000000
75200 -765.000000
75300 -766.000000
75400 -766.000000
75500 -765.000000
75600 -767.000000
75700 -759.000000
75800 -765.000000
75900 -764.000000
76000 -765.000000
76100 -764.000000
76200 -761.000000
76300 -766.000000
76400 -766.000000
76500 -764.000000
76600 -767.000000
76700 -766.000000
76800 -766.000000
76900 -767.000000
77000 -765.000000
77100 -767.000000
77200 -766.000000
77300 -765.000000
77400 -765.000000
77500 -766.000000
77600 -764.000000
77700 -766.000000
77800 -766.000000
77900 -765.000000
78000 -765.000000
78100 -765.000000
78200 -765.000000
78300 -767.000000
78400 -763.000000
78500 -764.000000
78600 -766.000000
78700 -766.000000
78800 -763.000000
78900 -766.000000
79000 -767.000000
79100 -765.000000
79200 -765.000000
79300 -767.000000
79400 -765.000000
79500 -765.000000
79600 -766.000000
79700 -766.000000
79800 -766.000000
79900 -766.000000
80000 -766.000000
80100 -766.000000
80200 -766.000000
80300 -766.000000
80400 -766.000000
80500 -765.000000
80600 -766.000000
80700 -766.000000
80800 -765.000000
80900 -765.000000
81000 -765.000000
81100 -766.000000
81200 -765.000000
81300 -766.000000
81400 -765.000000
81500 -764.000000
81600 -767.000000
81700 -765.000000
81800 -764.000000
81900 -765.000000
82000 -765.000000
82100 -766.000000
82200 -766.000000
82300 -766.000000
82400 -768.000000
82500 -764.000000
82600 -767.000000
82700 -766.000000
82800 -766.000000
82900 -764.000000
83000 -766.000000
83100 -766.000000
83200 -763.000000
83300 -767.000000
83400 -766.000000
83500 -765.000000
83600 -764.000000
83700 -755.000000
83800 -752.000000
83900 -751.000000
84000 -751.000000
84100 -752.000000
84200 -755.000000
84300 -751.000000
84400 -752.000000
84500 -752.000000
84600 -751.000000
84700 -752.000000
84800 -755.000000
84900 -737.000000
85000 -741.000000
85100 -738.000000
85200 -734.000000
85300 -736.000000
85400 -736.000000
85500 -736.000000
85600 -735.000000
85700 -736.000000
85800 -737.000000
85900 -737.000000
86000 -735.000000
86100 -737.000000
86200 -737.000000
86300 -736.000000
86400 -736.000000
86500 -735.000000
86600 -736.000000
86700 -737.000000
86800 -737.000000
86900 -737.000000
87000 -734.000000
87100 -736.000000
87200 -732.000000
87300 -733.000000
87400 -737.000000
87500 -735.000000
87600 -736.000000
87700 -735.000000
87800 -736.000000
87900 -736.000000
88000 -736.000000
88100 -735.000000
88200 -735.000000
88300 -736.000000
88400 -735.000000
88500 -735.000000
88600 -736.000000
88700 -736.000000
88800 -736.000000
88900 -736.000000
89000 -735.000000
89100 -736.000000
89200 -736.000000
89300 -734.000000
89400 -736.000000
89500 -736.000000
89600 -725.000000
89700 -735.000000
89800 -736.000000
89900 -732.000000
90000 -737.000000
90100 -720.000000
90200 -736.000000
90300 -722.000000
90400 -741.000000
90500 -704.000000
90600 -704.000000
90700 -705.000000
90800 -705.000000
90900 -703.000000
91000 -704.000000
91100 -704.000000
91200 -704.000000
91300 -705.000000
91400 -703.000000
91500 -705.000000
91600 -704.000000
91700 -703.000000
91800 -705.000000
91900 -705.000000
92000 -704.000000
92100 -702.000000
92200 -701.000000
92300 -705.000000
92400 -705.000000
92500 -704.000000
92600 -705.000000
92700 -703.000000
92800 -705.000000
92900 -705.000000
93000 -704.000000
93100 -703.000000
93200 -702.000000
93300 -703.000000
93400 -703.000000
93500 -704.000000
93600 -705.000000
93700 -703.000000
93800 -703.000000
93900 -704.000000
94000 -701.000000
94100 -704.000000
94200 -701.000000
94300 -703.000000
94400 -701.000000
94500 -706.000000
94600 -707.000000
94700 -705.000000
94800 -703.000000
94900 -706.000000
95000 -706.000000
95100 -705.000000
95200 -704.000000
95300 -704.000000
95400 -703.000000
95500 -703.000000
95600 -706.000000
95700 -702.000000
95800 -704.000000
95900 -704.000000
96000 -704.000000
96100 -705.000000
96200 -703.000000
96300 -703.000000
96400 -704.000000
96500 -705.000000
96600 -700.000000
96700 -704.000000
96800 -701.000000
96900 -706.000000
97000 -699.000000
97100 -705.000000
97200 -705.000000
97300 -704.000000
97400 -704.000000
97500 -704.000000
97600 -706.000000
97700 -704.000000
97800 -705.000000
97900 -704.000000
98000 -705.000000
98100 -703.000000
98200 -702.000000
98300 -704.000000
98400 -704.000000
98500 -702.000000
98600 -703.000000
98700 -703.000000
98800 -705.000000
98900 -704.000000
99000 -701.000000
99100 -705.000000
99200 -702.000000
99300 -703.000000
99400 -699.000000
99500 -702.000000
99600 -699.000000
99700 -706.000000
99800 -704.000000
99900 -702.000000
100000 -701.000000
100100 -704.000000
100200 -703.000000
100300 -705.000000
100400 -702.000000
100500 -704.000000
100600 -702.000000
100700 -705.000000
100800 -704.000000
100900 -703.000000
101000 -702.000000
101100 -702.000000
101200 -704.000000
101300 -705.000000
101400 -702.000000
101500 -703.000000
101600 -701.000000
101700 -702.000000
101800 -703.000000
101900 -701.000000
102000 -705.000000
102100 -703.000000
102200 -703.000000
102300 -704.000000
102400 -702.000000
102500 -701.000000
102600 -706.000000
102700 -705.000000
102800 -702.000000
102900 -706.000000
103000 -706.000000
103100 -702.000000
103200 -703.000000
103300 -702.000000
103400 -704.000000
103500 -705.000000
103600 -705.000000
103700 -703.000000
103800 -703.000000
103900 -702.000000
104000 -703.000000
104100 -703.000000
104200 -701.000000
104300 -702.000000
104400 -700.000000
104500 -702.000000
104600 -703.000000
104700 -703.000000
104800 -704.000000
104900 -702.000000
105000 -703.000000
105100 -702.000000
105200 -703.000000
105300 -703.000000
105400 -702.000000
105500 -704.000000
105600 -700.000000
105700 -703.000000
105800 -703.000000
105900 -703.000000
106000 -701.000000
106100 -703.000000
106200 -700.000000
106300 -702.000000
106400 -702.000000
106500 -704.000000
106600 -704.000000
106700 -701.000000
106800 -703.000000
106900 -699.000000
107000 -703.000000
107100 -701.000000
107200 -704.000000
107300 -703.000000
107400 -700.000000
107500 -701.000000
107600 -703.000000
107700 -703.000000
107800 -703.000000
107900 -704.000000
108000 -702.000000
108100 -704.000000
108200 -704.000000
108300 -704.000000
108400 -704.000000
108500 -700.000000
108600 -700.000000
108700 -704.000000
108800 -701.000000
108900 -700.000000
109000 -702.000000
109100 -702.000000
109200 -701.000000
109300 -701.000000
109400 -703.000000
109500 -702.000000
109600 -703.000000
109700 -702.000000
109800 -703.000000
109900 -703.000000
110000 -703.000000
110100 -702.000000
110200 -702.000000
110300 -703.000000
110400 -703.000000
110500 -703.000000
110600 -703.000000
110700 -703.000000
110800 -702.000000
110900 -703.000000
111000 -702.000000
111100 -703.000000
111200 -702.000000
111300 -703.000000
111400 -704.000000
111500 -703.000000
111600 -704.000000
111700 -704.000000
111800 -702.000000
111900 -702.000000
112000 -700.000000
112100 -703.000000
112200 -702.000000
112300 -703.000000
112400 -703.000000
112500 -701.000000
112600 -702.000000
112700 -703.000000
112800 -702.000000
112900 -702.000000
113000 -704.000000
113100 -702.000000
113200 -704.000000
113300 -701.000000
113400 -703.000000
113500 -702.000000
113600 -704.000000
113700 -702.000000
113800 -702.000000
113900 -699.000000
114000 -704.000000
114100 -703.000000
114200 -703.000000
114300 -703.000000
114400 -703.000000
114500 -703.000000
114600 -701.000000
114700 -703.000000
114800 -703.000000
114900 -703.000000
115000 -700.000000
115100 -704.000000
115200 -703.000000
115300 -703.000000
115400 -701.000000
115500 -701.000000
115600 -699.000000
115700 -700.000000
115800 -704.000000
115900 -703.000000
116000 -703.000000
116100 -703.000000
116200 -703.000000
116300 -703.000000
116400 -700.000000
116500 -702.000000
116600 -703.000000
116700 -703.000000
116800 -703.000000
116900 -702.000000
117000 -703.000000
117100 -704.000000
117200 -701.000000
117300 -702.000000
117400 -703.000000
117500 -701.000000
117600 -703.000000
117700 -702.000000
117800 -703.000000
117900 -703.000000
118000 -703.000000
118100 -703.000000
118200 -703.000000
118300 -702.000000
118400 -701.000000
118500 -703.000000
118600 -702.000000
118700 -702.000000
118800 -702.000000
118900 -704.000000
119000 -702.000000
119100 -702.000000
119200 -704.000000
119300 -700.000000
119400 -703.000000
119500 -700.000000
119600 -701.000000
119700 -703.000000
119800 -701.000000
119900 -704.000000
120000 -702.000000
120100 -699.000000
120200 -702.000000
120300 -703.000000
120400 -702.000000
120500 -703.000000
120600 -704.000000
120700 -698.000000
120800 -701.000000
120900 -703.000000
121000 -702.000000
121100 -704.000000
121200 -701.000000
121300 -702.000000
121400 -703.000000
121500 -703.000000
121600 -702.000000
121700 -703.000000
121800 -703.000000
121900 -703.000000
122000 -704.000000
122100 -703.000000
122200 -704.000000
122300 -701.000000
122400 -703.000000
122500 -703.000000
122600 -704.000000
122700 -701.000000
122800 -704.000000
122900 -703.000000
123000 -703.000000
123100 -702.000000
123200 -704.000000
123300 -702.000000
123400 -704.000000
123500 -703.000000
123600 -701.000000
123700 -703.000000
123800 -704.000000
123900 -704.000000
124000 -703.000000
124100 -703.000000
124200 -703.000000
124300 -704.000000
124400 -701.000000
124500 -704.000000
124600 -704.000000
124700 -703.000000
124800 -703.000000
124900 -704.000000
125000 -703.000000
125100 -699.000000
125200 -703.000000
125300 -702.000000
125400 -704.000000
125500 -703.000000
125600 -703.000000
125700 -704.000000
125800 -703.000000
125900 -704.000000
126000 -702.000000
126100 -703.000000
126200 -702.000000
126300 -704.000000
126400 -702.000000
126500 -702.000000
126600 -703.000000
126700 -703.000000
126800 -702.000000
126900 -703.000000
127000 -702.000000
127100 -703.000000
127200 -702.000000
127300 -702.000000
127400 -703.000000
127500 -701.000000
127600 -703.000000
127700 -702.000000
127800 -703.000000
127900 -703.000000
128000 -702.000000
128100 -700.000000
128200 -703.000000
128300 -703.000000
128400 -703.000000
128500 -704.000000
128600 -700.000000
128700 -703.000000
128800 -703.000000
128900 -702.000000
129000 -703.000000
129100 -704.000000
129200 -704.000000
129300 -702.000000
129400 -703.000000
129500 -702.000000
129600 -702.000000
129700 -701.000000
129800 -701.000000
129900 -703.000000
130000 -701.000000
130100 -703.000000
130200 -703.000000
130300 -702.000000
130400 -703.000000
130500 -703.000000
130600 -703.000000
130700 -703.000000
130800 -704.000000
130900 -702.000000
131000 -703.000000
131100 -704.000000
131200 -702.000000
131300 -704.000000
131400 -701.000000
131500 -700.000000
131600 -699.000000
131700 -702.000000
131800 -703.000000
131900 -702.000000
132000 -703.000000
132100 -703.000000
132200 -703.000000
132300 -703.000000
132400 -702.000000
132500 -704.000000
132600 -701.000000
132700 -703.000000
132800 -702.000000
132900 -702.000000
133000 -703.000000
133100 -704.000000
133200 -702.000000
133300 -703.000000
133400 -704.000000
133500 -699.000000
133600 -703.000000
133700 -703.000000
133800 -703.000000
133900 -703.000000
134000 -702.000000
134100 -703.000000
134200 -703.000000
134300 -699.000000
134400 -704.000000
134500 -702.000000
134600 -703.000000
134700 -704.000000
134800 -703.000000
134900 -703.000000
135000 -703.000000
135100 -703.000000
135200 -702.000000
135300 -703.000000
135400 -702.000000
135500 -703.000000
135600 -703.000000
135700 -700.000000
135800 -702.000000
135900 -703.000000
136000 -703.000000
136100 -702.000000
136200 -703.000000
136300 -702.000000
136400 -703.000000
136500 -701.000000
136600 -700.000000
136700 -702.000000
136800 -701.000000
136900 -700.000000
137000 -703.000000
137100 -702.000000
137200 -703.000000
137300 -703.000000
137400 -702.000000
137500 -703.000000
137600 -702.000000
137700 -704.000000
137800 -701.000000
137900 -700.000000
138000 -704.000000
138100 -703.000000
138200 -702.000000
138300 -702.000000
138400 -703.000000
138500 -703.000000
138600 -702.000000
138700 -702.000000
138800 -702.000000
138900 -702.000000
139000 -702.000000
139100 -702.000000
139200 -703.000000
139300 -704.000000
139400 -702.000000
139500 -702.000000
139600 -701.000000
139700 -702.000000
139800 -702.000000
139900 -702.000000
140000 -702.000000
140100 -701.000000
140200 -703.000000
140300 -703.000000
140400 -702.000000
140500 -704.000000
140600 -701.000000
140700 -700.000000
140800 -704.000000
140900 -703.000000
141000 -701.000000
141100 -700.000000
141200 -704.000000
141300 -703.000000
141400 -702.000000
141500 -703.000000
141600 -704.000000
141700 -703.000000
141800 -703.000000
141900 -701.000000
142000 -701.000000
142100 -703.000000
142200 -705.000000
142300 -704.000000
142400 -702.000000
142500 -703.000000
142600 -703.000000
142700 -703.000000
142800 -704.000000
142900 -701.000000
143000 -703.000000
143100 -704.000000
143200 -703.000000
143300 -703.000000
143400 -704.000000
143500 -703.000000
143600 -703.000000
143700 -701.000000
143800 -703.000000
143900 -703.000000
144000 -703.000000
144100 -698.000000
144200 -700.000000
144300 -703.000000
144400 -701.000000
144500 -703.000000
144600 -702.000000
144700 -703.000000
144800 -700.000000
144900 -701.000000
145000 -702.000000
145100 -703.000000
145200 -702.000000
145300 -701.000000
145400 -702.000000
145500 -703.000000
145600 -702.000000
145700 -701.000000
145800 -702.000000
145900 -703.000000
146000 -702.000000
146100 -703.000000
146200 -703.000000
146300 -703.000000
146400 -704.000000
146500 -700.000000
146600 -702.000000
146700 -703.000000
146800 -703.000000
146900 -704.000000
147000 -702.000000
147100 -701.000000
147200 -702.000000
147300 -699.000000
147400 -702.000000
147500 -702.000000
147600 -702.000000
147700 -702.000000
147800 -703.000000
147900 -702.000000
148000 -703.000000
148100 -702.000000
148200 -701.000000
148300 -703.000000
148400 -701.000000
148500 -702.000000
148600 -704.000000
148700 -702.000000
148800 -702.000000
148900 -703.000000
149000 -702.000000
149100 -702.000000
149200 -700.000000
149300 -702.000000
149400 -703.000000
149500 -703.000000
149600 -702.000000
149700 -701.000000
149800 -701.000000
149900 -702.000000
150000 -701.000000
150100 -703.000000
150200 -703.000000
150300 -702.000000
150400 -701.000000
150500 -702.000000
150600 -701.000000
150700 -702.000000
150800 -701.000000
150900 -704.000000
151000 -701.000000
151100 -703.000000
151200 -701.000000
151300 -699.000000
151400 -700.000000
151500 -702.000000
151600 -702.000000
151700 -701.000000
151800 -702.000000
151900 -702.000000
152000 -702.000000
152100 -702.000000
152200 -703.000000
152300 -702.000000
152400 -701.000000
152500 -703.000000
152600 -701.000000
152700 -703.000000
152800 -699.000000
152900 -701.000000
153000 -699.000000
153100 -704.000000
153200 -703.000000
153300 -703.000000
153400 -700.000000
153500 -703.000000
153600 -702.000000
153700 -702.000000
153800 -701.000000
153900 -704.000000
154000 -701.000000
154100 -702.000000
154200 -702.000000
154300 -702.000000
154400 -701.000000
154500 -700.000000
154600 -701.000000
154700 -701.000000
154800 -702.000000
154900 -703.000000
155000 -702.000000
155100 -703.000000
155200 -703.000000
155300 -702.000000
155400 -700.000000
155500 -701.000000
155600 -701.000000
155700 -703.000000
155800 -702.000000
155900 -701.000000
156000 -701.000000
156100 -704.000000
156200 -701.000000
156300 -702.000000
156400 -702.000000
156500 -703.000000
156600 -703.000000
156700 -699.000000
156800 -701.000000
156900 -703.000000
157000 -702.000000
157100 -701.000000
157200 -703.000000
157300 -700.000000
157400 -701.000000
157500 -700.000000
157600 -700.000000
157700 -703.000000
157800 -703.000000
157900 -701.000000
158000 -701.000000
158100 -702.000000
158200 -702.000000
158300 -702.000000
158400 -701.000000
158500 -702.000000
158600 -701.000000
158700 -700.000000
158800 -701.000000
158900 -702.000000
159000 -702.000000
159100 -701.000000
159200 -703.000000
159300 -703.000000
159400 -704.000000
159500 -702.000000
159600 -702.000000
159700 -700.000000
159800 -703.000000
159900 -704.000000
160000 -700.000000
160100 -702.000000
160200 -703.000000
160300 -703.000000
160400 -704.000000
160500 -702.000000
160600 -703.000000
160700 -701.000000
160800 -702.000000
160900 -701.000000
161000 -701.000000
161100 -704.000000
161200 -702.000000
161300 -701.000000
161400 -701.000000
161500 -703.000000
161600 -703.000000
161700 -704.000000
161800 -703.000000
161900 -703.000000
162000 -704.000000
162100 -703.000000
162200 -702.000000
162300 -702.000000
162400 -702.000000
162500 -701.000000
162600 -702.000000
162700 -704.000000
162800 -702.000000
162900 -702.000000
163000 -702.000000
163100 -703.000000
163200 -703.000000
163300 -702.000000
163400 -703.000000
163500 -702.000000
163600 -703.000000
163700 -702.000000
163800 -704.000000
163900 -704.000000
164000 -702.000000
164100 -704.000000
164200 -702.000000
164300 -703.000000
164400 -701.000000
164500 -702.000000
164600 -703.000000
164700 -701.000000
164800 -701.000000
164900 -703.000000
165000 -702.000000
165100 -704.000000
165200 -702.000000
165300 -701.000000
165400 -702.000000
165500 -701.000000
165600 -701.000000
165700 -702.000000
165800 -704.000000
165900 -701.000000
166000 -702.000000
166100 -702.000000
166200 -702.000000
166300 -702.000000
166400 -700.000000
166500 -700.000000
166600 -703.000000
166700 -702.000000
166800 -703.000000
166900 -703.000000
167000 -703.000000
167100 -703.000000
167200 -702.000000
167300 -702.000000
167400 -702.000000
167500 -703.000000
167600 -704.000000
167700 -701.000000
167800 -701.000000
167900 -703.000000
168000 -701.000000
168100 -702.000000
168200 -702.000000
168300 -698.000000
168400 -703.000000
168500 -703.000000
168600 -703.000000
168700 -703.000000
168800 -701.000000
168900 -702.000000
169000 -701.000000
169100 -700.000000
169200 -702.000000
169300 -702.000000
169400 -703.000000
169500 -703.000000
169600 -704.000000
169700 -703.000000
169800 -700.000000
169900 -703.000000
170000 -701.000000
170100 -702.000000
170200 -703.000000
170300 -700.000000
170400 -703.000000
170500 -700.000000
170600 -701.000000
170700 -703.000000
170800 -702.000000
170900 -701.000000
171000 -700.000000
171100 -699.000000
171200 -701.000000
171300 -702.000000
171400 -703.000000
171500 -702.000000
171600 -702.000000
171700 -700.000000
171800 -700.000000
171900 -702.000000
172000 -702.000000
172100 -700.000000
172200 -701.000000
172300 -700.000000
172400 -702.000000
172500 -701.000000
172600 -701.000000
172700 -701.000000
172800 -703.000000
172900 -703.000000
173000 -701.000000
173100 -702.000000
173200 -702.000000
173300 -704.000000
173400 -702.000000
173500 -701.000000
173600 -703.000000
173700 -702.000000
173800 -700.000000
173900 -704.000000
174000 -703.000000
174100 -704.000000
174200 -703.000000
174300 -703.000000
174400 -702.000000
174500 -703.000000
174600 -700.000000
174700 -704.000000
174800 -702.000000
174900 -702.000000
175000 -704.000000
175100 -700.000000
175200 -702.000000
175300 -703.000000
175400 -704.000000
175500 -701.000000
175600 -703.000000
175700 -703.000000
175800 -701.000000
175900 -702.000000
176000 -701.000000
176100 -702.000000
176200 -702.000000
176300 -701.000000
176400 -702.000000
176500 -702.000000
176600 -703.000000
176700 -703.000000
176800 -703.000000
176900 -703.000000
177000 -703.000000
177100 -702.000000
177200 -702.000000
177300 -699.000000
177400 -703.000000
177500 -703.000000
177600 -698.000000
177700 -703.000000
177800 -703.000000
177900 -702.000000
178000 -703.000000
178100 -702.000000
178200 -703.000000
178300 -703.000000
178400 -702.000000
178500 -702.000000
178600 -702.000000
178700 -703.000000
178800 -702.000000
178900 -701.000000
179000 -702.000000
179100 -701.000000
179200 -701.000000
179300 -700.000000
179400 -702.000000
179500 -702.000000
179600 -702.000000
179700 -702.000000
179800 -701.000000
179900 -701.000000
180000 -702.000000
180100 -702.000000
180200 -701.000000
180300 -703.000000
180400 -703.000000
180500 -703.000000
180600 -702.000000
180700 -702.000000
180800 -703.000000
180900 -703.000000
181000 -703.000000
181100 -702.000000
181200 -701.000000
181300 -701.000000
181400 -703.000000
181500 -701.000000
181600 -703.000000
181700 -702.000000
181800 -703.000000
181900 -701.000000
182000 -701.000000
182100 -700.000000
182200 -703.000000
182300 -701.000000
182400 -704.000000
182500 -704.000000
182600 -702.000000
182700 -703.000000
182800 -702.000000
182900 -702.000000
183000 -703.000000
183100 -702.000000
183200 -703.000000
183300 -702.000000
183400 -702.000000
183500 -701.000000
183600 -702.000000
183700 -703.000000
183800 -702.000000
183900 -702.000000
184000 -704.000000
184100 -702.000000
184200 -703.000000
184300 -703.000000
184400 -703.000000
184500 -701.000000
184600 -702.000000
184700 -703.000000
184800 -702.000000
184900 -703.000000
185000 -703.000000
185100 -703.000000
185200 -703.000000
185300 -701.000000
185400 -702.000000
185500 -702.000000
185600 -701.000000
185700 -702.000000
185800 -703.000000
185900 -702.000000
186000 -701.000000
186100 -703.000000
186200 -703.000000
186300 -702.000000
186400 -701.000000
186500 -701.000000
186600 -702.000000
186700 -703.000000
186800 -701.000000
186900 -702.000000
187000 -699.000000
187100 -702.000000
187200 -702.000000
187300 -702.000000
187400 -703.000000
187500 -699.000000
187600 -703.000000
187700 -701.000000
187800 -703.000000
187900 -701.000000
188000 -701.000000
188100 -701.000000
188200 -702.000000
188300 -701.000000
188400 -700.000000
188500 -702.000000
188600 -702.000000
188700 -703.000000
188800 -703.000000
188900 -702.000000
189000 -703.000000
189100 -702.000000
189200 -702.000000
189300 -703.000000
189400 -703.000000
189500 -701.000000
189600 -696.000000
189700 -702.000000
189800 -702.000000
189900 -702.000000
190000 -701.000000
190100 -700.000000
190200 -702.000000
190300 -703.000000
190400 -702.000000
190500 -700.000000
190600 -702.000000
190700 -701.000000
190800 -703.000000
190900 -699.000000
191000 -700.000000
191100 -698.000000
191200 -703.000000
191300 -703.000000
191400 -701.000000
191500 -698.000000
191600 -701.000000
191700 -703.000000
191800 -701.000000
191900 -702.000000
192000 -699.000000
192100 -702.000000
192200 -703.000000
192300 -701.000000
192400 -702.000000
192500 -702.000000
192600 -702.000000
192700 -702.000000
192800 -703.000000
192900 -703.000000
193000 -703.000000
193100 -703.000000
193200 -695.000000
193300 -702.000000
193400 -702.000000
193500 -702.000000
193600 -703.000000
193700 -698.000000
193800 -703.000000
193900 -700.000000
194000 -698.000000
194100 -698.000000
194200 -703.000000
194300 -702.000000
194400 -703.000000
194500 -702.000000
194600 -702.000000
194700 -701.000000
194800 -704.000000
194900 -703.000000
195000 -701.000000
195100 -701.000000
195200 -703.000000
195300 -699.000000
195400 -703.000000
195500 -702.000000
195600 -701.000000
195700 -700.000000
195800 -702.000000
195900 -702.000000
196000 -702.000000
196100 -701.000000
196200 -701.000000
196300 -702.000000
196400 -702.000000
196500 -702.000000
196600 -701.000000
196700 -703.000000
196800 -701.000000
196900 -703.000000
197000 -698.000000
197100 -702.000000
197200 -702.000000
197300 -699.000000
197400 -699.000000
197500 -700.000000
197600 -702.000000
197700 -702.000000
197800 -703.000000
197900 -702.000000
198000 -700.000000
198100 -702.000000
198200 -703.000000
198300 -702.000000
198400 -701.000000
198500 -701.000000
198600 -702.000000
198700 -700.000000
198800 -702.000000
198900 -701.000000
199000 -700.000000
199100 -701.000000
199200 -699.000000
199300 -702.000000
199400 -702.000000
199500 -702.000000
199600 -700.000000
199700 -703.000000
199800 -704.000000
199900 -700.000000
