0 -1024.000000
100 -896.000000
200 -896.000000
300 -896.000000
400 -896.000000
500 -895.000000
600 -884.000000
700 -885.000000
800 -888.000000
900 -890.000000
1000 -896.000000
1100 -896.000000
1200 -889.000000
1300 -886.000000
1400 -887.000000
1500 -892.000000
1600 -879.000000
1700 -873.000000
1800 -870.000000
1900 -872.000000
2000 -861.000000
2100 -888.000000
2200 -875.000000
2300 -872.000000
2400 -881.000000
2500 -867.000000
2600 -864.000000
2700 -864.000000
2800 -864.000000
2900 -864.000000
3000 -864.000000
3100 -846.000000
3200 -851.000000
3300 -853.000000
3400 -855.000000
3500 -858.000000
3600 -845.000000
3700 -846.000000
3800 -847.000000
3900 -850.000000
4000 -859.000000
4100 -864.000000
4200 -864.000000
4300 -864.000000
4400 -864.000000
4500 -864.000000
4600 -864.000000
4700 -864.000000
4800 -832.000000
4900 -832.000000
5000 -832.000000
5100 -832.000000
5200 -832.000000
5300 -832.000000
5400 -832.000000
5500 -832.000000
5600 -832.000000
5700 -832.000000
5800 -832.000000
5900 -832.000000
6000 -832.000000
6100 -832.000000
6200 -832.000000
6300 -832.000000
6400 -832.000000
6500 -832.000000
6600 -832.000000
6700 -832.000000
6800 -832.000000
6900 -832.000000
7000 -832.000000
7100 -832.000000
7200 -832.000000
7300 -832.000000
7400 -832.000000
7500 -832.000000
7600 -832.000000
7700 -832.000000
7800 -832.000000
7900 -832.000000
8000 -832.000000
8100 -832.000000
8200 -832.000000
8300 -832.000000
8400 -826.000000
8500 -817.000000
8600 -826.000000
8700 -832.000000
8800 -827.000000
8900 -828.000000
9000 -824.000000
9100 -831.000000
9200 -830.000000
9300 -827.000000
9400 -829.000000
9500 -832.000000
9600 -830.000000
9700 -832.000000
9800 -829.000000
9900 -832.000000
10000 -832.000000
10100 -832.000000
10200 -832.000000
10300 -810.000000
10400 -803.000000
10500 -813.000000
10600 -815.000000
10700 -810.000000
10800 -810.000000
10900 -807.000000
11000 -778.000000
11100 -794.000000
11200 -778.000000
11300 -797.000000
11400 -794.000000
11500 -791.000000
11600 -800.000000
11700 -800.000000
11800 -797.000000
11900 -798.000000
12000 -800.000000
12100 -781.000000
12200 -800.000000
12300 -792.000000
12400 -800.000000
12500 -793.000000
12600 -787.000000
12700 -800.000000
12800 -795.000000
12900 -790.000000
13000 -794.000000
13100 -764.000000
13200 -787.000000
13300 -783.000000
13400 -784.000000
13500 -776.000000
13600 -781.000000
13700 -784.000000
13800 -778.000000
13900 -792.000000
14000 -776.000000
14100 -773.000000
14200 -774.000000
14300 -783.000000
14400 -780.000000
14500 -772.000000
14600 -771.000000
14700 -769.000000
14800 -770.000000
14900 -769.000000
15000 -769.000000
15100 -768.000000
15200 -766.000000
15300 -768.000000
15400 -767.000000
15500 -765.000000
15600 -767.000000
15700 -768.000000
15800 -768.000000
15900 -768.000000
16000 -768.000000
16100 -768.000000
16200 -768.000000
16300 -767.000000
16400 -768.000000
16500 -769.000000
16600 -767.000000
16700 -768.000000
16800 -768.000000
16900 -769.000000
17000 -765.000000
17100 -768.000000
17200 -767.000000
17300 -767.000000
17400 -767.000000
17500 -764.000000
17600 -767.000000
17700 -768.000000
17800 -768.000000
17900 -767.000000
18000 -768.000000
18100 -765.000000
18200 -767.000000
18300 -769.000000
18400 -769.000000
18500 -769.000000
18600 -768.000000
18700 -768.000000
18800 -766.000000
18900 -768.000000
19000 -767.000000
19100 -766.000000
19200 -767.000000
19300 -766.000000
19400 -763.000000
19500 -766.000000
19600 -767.000000
19700 -768.000000
19800 -768.000000
19900 -766.000000
20000 -767.000000
20100 -766.000000
20200 -767.000000
20300 -766.000000
20400 -767.000000
20500 -767.000000
20600 -768.000000
20700 -768.000000
20800 -763.000000
20900 -767.000000
21000 -766.000000
21100 -767.000000
21200 -767.000000
21300 -766.000000
21400 -765.000000
21500 -768.000000
21600 -768.000000
21700 -768.000000
21800 -768.000000
21900 -766.000000
22000 -768.000000
22100 -768.000000
22200 -768.000000
22300 -768.000000
22400 -768.000000
22500 -768.000000
22600 -766.000000
22700 -768.000000
22800 -768.000000
22900 -768.000000
23000 -767.000000
23100 -764.000000
23200 -766.000000
23300 -766.000000
23400 -767.000000
23500 -768.000000
23600 -768.000000
23700 -767.000000
23800 -768.000000
23900 -768.000000
24000 -767.000000
24100 -768.000000
24200 -767.000000
24300 -768.000000
24400 -767.000000
24500 -767.000000
24600 -767.000000
24700 -767.000000
24800 -767.000000
24900 -763.000000
25000 -766.000000
25100 -768.000000
25200 -766.000000
25300 -767.000000
25400 -768.000000
25500 -767.000000
25600 -768.000000
25700 -767.000000
25800 -766.000000
25900 -765.000000
26000 -765.000000
26100 -766.000000
26200 -767.000000
26300 -768.000000
26400 -767.000000
26500 -766.000000
26600 -768.000000
26700 -767.000000
26800 -767.000000
26900 -768.000000
27000 -767.000000
27100 -767.000000
27200 -765.000000
27300 -767.000000
27400 -766.000000
27500 -767.000000
27600 -766.000000
27700 -767.000000
27800 -767.000000
27900 -767.000000
28000 -766.000000
28100 -766.000000
28200 -768.000000
28300 -768.000000
28400 -767.000000
28500 -768.000000
28600 -767.000000
28700 -767.000000
28800 -764.000000
28900 -766.000000
29000 -767.000000
29100 -766.000000
29200 -767.000000
29300 -767.000000
29400 -767.000000
29500 -767.000000
29600 -766.000000
29700 -767.000000
29800 -767.000000
29900 -766.000000
30000 -766.000000
30100 -767.000000
30200 -767.000000
30300 -766.000000
30400 -766.000000
30500 -767.000000
30600 -766.000000
30700 -767.000000
30800 -766.000000
30900 -765.000000
31000 -765.000000
31100 -767.000000
31200 -766.000000
31300 -765.000000
31400 -766.000000
31500 -764.000000
31600 -767.000000
31700 -767.000000
31800 -766.000000
31900 -767.000000
32000 -766.000000
32100 -766.000000
32200 -764.000000
32300 -766.000000
32400 -759.000000
32500 -767.000000
32600 -767.000000
32700 -767.000000
32800 -765.000000
32900 -768.000000
33000 -767.000000
33100 -766.000000
33200 -766.000000
33300 -767.000000
33400 -767.000000
33500 -766.000000
33600 -766.000000
33700 -767.000000
33800 -767.000000
33900 -765.000000
34000 -768.000000
34100 -764.000000
34200 -766.000000
34300 -765.000000
34400 -766.000000
34500 -766.000000
34600 -765.000000
34700 -767.000000
34800 -767.000000
34900 -766.000000
35000 -767.000000
35100 -765.000000
35200 -767.000000
35300 -767.000000
35400 -766.000000
35500 -766.000000
35600 -765.000000
35700 -763.000000
35800 -766.000000
35900 -766.000000
36000 -766.000000
36100 -766.000000
36200 -766.000000
36300 -767.000000
36400 -764.000000
36500 -768.000000
36600 -766.000000
36700 -765.000000
36800 -767.000000
36900 -767.000000
37000 -767.000000
37100 -767.000000
37200 -766.000000
37300 -762.000000
37400 -765.000000
37500 -767.000000
37600 -766.000000
37700 -765.000000
37800 -764.000000
37900 -767.000000
38000 -763.000000
38100 -767.000000
38200 -766.000000
38300 -766.000000
38400 -766.000000
38500 -763.000000
38600 -765.000000
38700 -762.000000
38800 -765.000000
38900 -764.000000
39000 -765.000000
39100 -763.000000
39200 -765.000000
39300 -766.000000
39400 -766.000000
39500 -765.000000
39600 -765.000000
39700 -763.000000
39800 -764.000000
39900 -764.000000
40000 -766.000000
40100 -764.000000
40200 -760.000000
40300 -757.000000
40400 -766.000000
40500 -764.000000
40600 -761.000000
40700 -766.000000
40800 -765.000000
40900 -766.000000
41000 -758.000000
41100 -765.000000
41200 -767.000000
41300 -766.000000
41400 -767.000000
41500 -766.000000
41600 -764.000000
41700 -767.000000
41800 -766.000000
41900 -764.000000
42000 -764.000000
42100 -766.000000
42200 -765.000000
42300 -765.000000
42400 -766.000000
42500 -765.000000
42600 -767.000000
42700 -765.000000
42800 -767.000000
42900 -767.000000
43000 -765.000000
43100 -765.000000
43200 -767.000000
43300 -767.000000
43400 -766.000000
43500 -766.000000
43600 -763.000000
43700 -767.000000
43800 -767.000000
43900 -766.000000
44000 -766.000000
44100 -766.000000
44200 -765.000000
44300 -767.000000
44400 -764.000000
44500 -766.000000
44600 -766.000000
44700 -767.000000
44800 -763.000000
44900 -767.000000
45000 -765.000000
45100 -767.000000
45200 -767.000000
45300 -766.000000
45400 -767.000000
45500 -767.000000
45600 -766.000000
45700 -768.000000
45800 -766.000000
45900 -766.000000
46000 -766.000000
46100 -765.000000
46200 -767.000000
46300 -767.000000
46400 -766.000000
46500 -767.000000
46600 -766.000000
46700 -767.000000
46800 -766.000000
46900 -767.000000
47000 -765.000000
47100 -765.000000
47200 -764.000000
47300 -766.000000
47400 -766.000000
47500 -767.000000
47600 -766.000000
47700 -766.000000
47800 -765.000000
47900 -765.000000
48000 -765.000000
48100 -766.000000
48200 -766.000000
48300 -764.000000
48400 -767.000000
48500 -765.000000
48600 -767.000000
48700 -767.000000
48800 -766.000000
48900 -765.000000
49000 -766.000000
49100 -765.000000
49200 -763.000000
49300 -768.000000
49400 -766.000000
49500 -765.000000
49600 -767.000000
49700 -767.000000
49800 -765.000000
49900 -767.000000
50000 -767.000000
50100 -767.000000
50200 -766.000000
50300 -766.000000
50400 -759.000000
50500 -767.000000
50600 -767.000000
50700 -766.000000
50800 -764.000000
50900 -767.000000
51000 -766.000000
51100 -763.000000
51200 -765.000000
51300 -767.000000
51400 -768.000000
51500 -767.000000
51600 -767.000000
51700 -762.000000
51800 -767.000000
51900 -766.000000
52000 -767.000000
52100 -767.000000
52200 -766.000000
52300 -765.000000
52400 -766.000000
52500 -767.000000
52600 -764.000000
52700 -767.000000
52800 -765.000000
52900 -767.000000
53000 -767.000000
53100 -768.000000
53200 -763.000000
53300 -765.000000
53400 -765.000000
53500 -767.000000
53600 -766.000000
53700 -765.000000
53800 -767.000000
53900 -767.000000
54000 -767.000000
54100 -767.000000
54200 -765.000000
54300 -766.000000
54400 -765.000000
54500 -767.000000
54600 -765.000000
54700 -766.000000
54800 -765.000000
54900 -767.000000
55000 -765.000000
55100 -767.000000
55200 -766.000000
55300 -766.000000
55400 -766.000000
55500 -766.000000
55600 -763.000000
55700 -764.000000
55800 -765.000000
55900 -768.000000
56000 -767.000000
56100 -763.000000
56200 -758.000000
56300 -766.000000
56400 -766.000000
56500 -752.000000
56600 -767.000000
56700 -762.000000
56800 -760.000000
56900 -764.000000
57000 -766.000000
57100 -766.000000
57200 -766.000000
57300 -767.000000
57400 -766.000000
57500 -762.000000
57600 -767.000000
57700 -766.000000
57800 -764.000000
57900 -766.000000
58000 -764.000000
58100 -766.000000
58200 -766.000000
58300 -761.000000
58400 -766.000000
58500 -767.000000
58600 -767.000000
58700 -763.000000
58800 -764.000000
58900 -765.000000
59000 -766.000000
59100 -761.000000
59200 -767.000000
59300 -765.000000
59400 -766.000000
59500 -765.000000
59600 -765.000000
59700 -759.000000
59800 -767.000000
59900 -767.000000
60000 -764.000000
60100 -766.000000
60200 -766.000000
60300 -764.000000
60400 -761.000000
60500 -752.000000
60600 -765.000000
60700 -755.000000
60800 -767.000000
60900 -767.000000
61000 -766.000000
61100 -757.000000
61200 -766.000000
61300 -766.000000
61400 -760.000000
61500 -760.000000
61600 -761.000000
61700 -766.000000
61800 -760.000000
61900 -765.000000
62000 -763.000000
62100 -761.000000
62200 -766.000000
62300 -761.000000
62400 -767.000000
62500 -767.000000
62600 -764.000000
62700 -766.000000
62800 -765.000000
62900 -762.000000
63000 -753.000000
63100 -765.000000
63200 -757.000000
63300 -762.000000
63400 -766.000000
63500 -767.000000
63600 -762.000000
63700 -756.000000
63800 -761.000000
63900 -752.000000
64000 -767.000000
64100 -767.000000
64200 -763.000000
64300 -767.000000
64400 -765.000000
64500 -767.000000
64600 -765.000000
64700 -766.000000
64800 -765.000000
64900 -767.000000
65000 -765.000000
65100 -767.000000
65200 -766.000000
65300 -766.000000
65400 -766.000000
65500 -765.000000
65600 -765.000000
65700 -749.000000
65800 -741.000000
65900 -755.000000
66000 -757.000000
66100 -748.000000
66200 -751.000000
66300 -756.000000
66400 -749.000000
66500 -761.000000
66600 -743.000000
66700 -757.000000
66800 -732.000000
66900 -762.000000
67000 -753.000000
67100 -752.000000
67200 -741.000000
67300 -751.000000
67400 -759.000000
67500 -765.000000
67600 -766.000000
67700 -763.000000
67800 -762.000000
67900 -765.000000
68000 -755.000000
68100 -767.000000
68200 -766.000000
68300 -767.000000
68400 -764.000000
68500 -766.000000
68600 -766.000000
68700 -766.000000
68800 -765.000000
68900 -766.000000
69000 -763.000000
69100 -768.000000
69200 -764.000000
69300 -766.000000
69400 -766.000000
69500 -766.000000
69600 -765.000000
69700 -767.000000
69800 -765.000000
69900 -767.000000
70000 -766.000000
70100 -765.000000
70200 -766.000000
70300 -768.000000
70400 -765.000000
70500 -766.000000
70600 -767.000000
70700 -764.000000
70800 -765.000000
70900 -765.000000
71000 -766.000000
71100 -766.000000
71200 -767.000000
71300 -765.000000
71400 -764.000000
71500 -767.000000
71600 -766.000000
71700 -764.000000
71800 -766.000000
71900 -766.000000
72000 -762.000000
72100 -764.000000
72200 -766.000000
72300 -768.000000
72400 -764.000000
72500 -759.000000
72600 -762.000000
72700 -766.000000
72800 -765.000000
72900 -766.000000
73000 -764.000000
73100 -765.000000
73200 -764.000000
73300 -764.000000
73400 -766.000000
73500 -767.000000
73600 -765.000000
73700 -765.000000
73800 -765.000000
73900 -767.000000
74000 -766.000000
74100 -767.000000
74200 -767.000000
74300 -764.000000
74400 -767.000000
74500 -767.000000
74600 -766.000000
74700 -766.000000
74800 -765.000000
74900 -762.000000
75000 -766.000000
75100 -764.000000
75200 -766.000000
75300 -765.000000
75400 -766.000000
75500 -765.000000
75600 -762.000000
75700 -764.000000
75800 -766.000000
75900 -766.000000
76000 -767.000000
76100 -765.000000
76200 -765.000000
76300 -766.000000
76400 -762.000000
76500 -764.000000
76600 -765.000000
76700 -766.000000
76800 -767.000000
76900 -765.000000
77000 -766.000000
77100 -766.000000
77200 -766.000000
77300 -766.000000
77400 -766.000000
77500 -766.000000
77600 -766.000000
77700 -766.000000
77800 -764.000000
77900 -765.000000
78000 -766.000000
78100 -764.000000
78200 -764.000000
78300 -764.000000
78400 -767.000000
78500 -764.000000
78600 -766.000000
78700 -766.000000
78800 -766.000000
78900 -766.000000
79000 -766.000000
79100 -765.000000
79200 -767.000000
79300 -765.000000
79400 -766.000000
79500 -766.000000
79600 -765.000000
79700 -767.000000
79800 -767.000000
79900 -764.000000
80000 -767.000000
80100 -766.000000
80200 -766.000000
80300 -767.000000
80400 -767.000000
80500 -765.000000
80600 -766.000000
80700 -767.000000
80800 -766.000000
80900 -766.000000
81000 -765.000000
81100 -766.000000
81200 -767.000000
81300 -765.000000
81400 -766.000000
81500 -766.000000
81600 -764.000000
81700 -765.000000
81800 -765.000000
81900 -764.000000
82000 -767.000000
82100 -763.000000
82200 -766.000000
82300 -767.000000
82400 -765.000000
82500 -765.000000
82600 -767.000000
82700 -766.000000
82800 -766.000000
82900 -765.000000
83000 -764.000000
83100 -765.000000
83200 -765.000000
83300 -766.000000
83400 -766.000000
83500 -767.000000
83600 -766.000000
83700 -765.000000
83800 -766.000000
83900 -766.000000
84000 -765.000000
84100 -763.000000
84200 -766.000000
84300 -765.000000
84400 -765.000000
84500 -767.000000
84600 -766.000000
84700 -766.000000
84800 -764.000000
84900 -767.000000
85000 -766.000000
85100 -763.000000
85200 -766.000000
85300 -767.000000
85400 -766.000000
85500 -765.000000
85600 -763.000000
85700 -763.000000
85800 -767.000000
85900 -765.000000
86000 -766.000000
86100 -766.000000
86200 -764.000000
86300 -766.000000
86400 -767.000000
86500 -764.000000
86600 -767.000000
86700 -766.000000
86800 -766.000000
86900 -765.000000
87000 -765.000000
87100 -765.000000
87200 -767.000000
87300 -767.000000
87400 -762.000000
87500 -766.000000
87600 -767.000000
87700 -766.000000
87800 -767.000000
87900 -766.000000
88000 -766.000000
88100 -766.000000
88200 -765.000000
88300 -766.000000
88400 -765.000000
88500 -766.000000
88600 -765.000000
88700 -767.000000
88800 -767.000000
88900 -762.000000
89000 -766.000000
89100 -764.000000
89200 -767.000000
89300 -767.000000
89400 -766.000000
89500 -764.000000
89600 -766.000000
89700 -765.000000
89800 -765.000000
89900 -765.000000
90000 -766.000000
90100 -767.000000
90200 -767.000000
90300 -766.000000
90400 -764.000000
90500 -765.000000
90600 -765.000000
90700 -766.000000
90800 -764.000000
90900 -766.000000
91000 -765.000000
91100 -766.000000
91200 -766.000000
91300 -766.000000
91400 -766.000000
91500 -762.000000
91600 -767.000000
91700 -765.000000
91800 -766.000000
91900 -762.000000
92000 -767.000000
92100 -765.000000
92200 -765.000000
92300 -765.000000
92400 -765.000000
92500 -766.000000
92600 -767.000000
92700 -766.000000
92800 -766.000000
92900 -766.000000
93000 -766.000000
93100 -767.000000
93200 -766.000000
93300 -766.000000
93400 -767.000000
93500 -766.000000
93600 -766.000000
93700 -767.000000
93800 -766.000000
93900 -766.000000
94000 -765.000000
94100 -766.000000
94200 -765.000000
94300 -767.000000
94400 -764.000000
94500 -762.000000
94600 -767.000000
94700 -764.000000
94800 -766.000000
94900 -766.000000
95000 -766.000000
95100 -766.000000
95200 -766.000000
95300 -763.000000
95400 -765.000000
95500 -765.000000
95600 -764.000000
95700 -766.000000
95800 -765.000000
95900 -766.000000
96000 -765.000000
96100 -765.000000
96200 -765.000000
96300 -767.000000
96400 -762.000000
96500 -765.000000
96600 -766.000000
96700 -763.000000
96800 -764.000000
96900 -766.000000
97000 -766.000000
97100 -767.000000
97200 -762.000000
97300 -767.000000
97400 -767.000000
97500 -766.000000
97600 -766.000000
97700 -763.000000
97800 -764.000000
97900 -765.000000
98000 -764.000000
98100 -764.000000
98200 -763.000000
98300 -764.000000
98400 -765.000000
98500 -765.000000
98600 -765.000000
98700 -759.000000
98800 -763.000000
98900 -766.000000
99000 -753.000000
99100 -766.000000
99200 -766.000000
99300 -767.000000
99400 -767.000000
99500 -766.000000
99600 -765.000000
99700 -755.000000
99800 -766.000000
99900 -765.000000
100000 -766.000000
100100 -765.000000
100200 -749.000000
100300 -764.000000
100400 -763.000000
100500 -759.000000
100600 -738.000000
100700 -759.000000
100800 -767.000000
100900 -765.000000
101000 -767.000000
101100 -767.000000
101200 -765.000000
101300 -766.000000
101400 -762.000000
101500 -764.000000
101600 -765.000000
101700 -765.000000
101800 -765.000000
101900 -767.000000
102000 -765.000000
102100 -766.000000
102200 -767.000000
102300 -766.000000
102400 -767.000000
102500 -765.000000
102600 -765.000000
102700 -766.000000
102800 -766.000000
102900 -765.000000
103000 -766.000000
103100 -766.000000
103200 -766.000000
103300 -764.000000
103400 -765.000000
103500 -765.000000
103600 -766.000000
103700 -764.000000
103800 -765.000000
103900 -762.000000
104000 -764.000000
104100 -766.000000
104200 -764.000000
104300 -763.000000
104400 -766.000000
104500 -765.000000
104600 -764.000000
104700 -764.000000
104800 -763.000000
104900 -764.000000
105000 -766.000000
105100 -765.000000
105200 -766.000000
105300 -765.000000
105400 -765.000000
105500 -767.000000
105600 -765.000000
105700 -765.000000
105800 -766.000000
105900 -765.000000
106000 -765.000000
106100 -765.000000
106200 -766.000000
106300 -766.000000
106400 -764.000000
106500 -765.000000
106600 -765.000000
106700 -764.000000
106800 -764.000000
106900 -761.000000
107000 -764.000000
107100 -767.000000
107200 -767.000000
107300 -766.000000
107400 -764.000000
107500 -766.000000
107600 -765.000000
107700 -767.000000
107800 -766.000000
107900 -766.000000
108000 -767.000000
108100 -763.000000
108200 -764.000000
108300 -766.000000
108400 -766.000000
108500 -766.000000
108600 -766.000000
108700 -766.000000
108800 -767.000000
108900 -766.000000
109000 -766.000000
109100 -767.000000
109200 -766.000000
109300 -766.000000
109400 -760.000000
109500 -762.000000
109600 -765.000000
109700 -766.000000
109800 -764.000000
109900 -765.000000
110000 -767.000000
110100 -764.000000
110200 -764.000000
110300 -766.000000
110400 -764.000000
110500 -766.000000
110600 -766.000000
110700 -765.000000
110800 -764.000000
110900 -764.000000
111000 -761.000000
111100 -765.000000
111200 -766.000000
111300 -766.000000
111400 -766.000000
111500 -763.000000
111600 -764.000000
111700 -765.000000
111800 -765.000000
111900 -764.000000
112000 -766.000000
112100 -765.000000
112200 -766.000000
112300 -766.000000
112400 -766.000000
112500 -764.000000
112600 -766.000000
112700 -767.000000
112800 -765.000000
112900 -767.000000
113000 -766.000000
113100 -764.000000
113200 -764.000000
113300 -764.000000
113400 -767.000000
113500 -761.000000
113600 -764.000000
113700 -767.000000
113800 -767.000000
113900 -767.000000
114000 -759.000000
114100 -765.000000
114200 -766.000000
114300 -766.000000
114400 -765.000000
114500 -764.000000
114600 -763.000000
114700 -764.000000
114800 -764.000000
114900 -758.000000
115000 -767.000000
115100 -766.000000
115200 -766.000000
115300 -763.000000
115400 -766.000000
115500 -764.000000
115600 -767.000000
115700 -765.000000
115800 -765.000000
115900 -764.000000
116000 -767.000000
116100 -767.000000
116200 -764.000000
116300 -765.000000
116400 -764.000000
116500 -766.000000
116600 -765.000000
116700 -763.000000
116800 -764.000000
116900 -765.000000
117000 -767.000000
117100 -765.000000
117200 -767.000000
117300 -766.000000
117400 -766.000000
117500 -765.000000
117600 -766.000000
117700 -765.000000
117800 -764.000000
117900 -766.000000
118000 -767.000000
118100 -766.000000
118200 -765.000000
118300 -767.000000
118400 -767.000000
118500 -767.000000
118600 -766.000000
118700 -767.000000
118800 -767.000000
118900 -766.000000
119000 -766.000000
119100 -767.000000
119200 -764.000000
119300 -765.000000
119400 -767.000000
119500 -765.000000
119600 -766.000000
119700 -766.000000
119800 -765.000000
119900 -763.000000
120000 -766.000000
120100 -762.000000
120200 -765.000000
120300 -766.000000
120400 -765.000000
120500 -765.000000
120600 -766.000000
120700 -767.000000
120800 -764.000000
120900 -765.000000
121000 -757.000000
121100 -753.000000
121200 -736.000000
121300 -733.000000
121400 -737.000000
121500 -735.000000
121600 -737.000000
121700 -736.000000
121800 -733.000000
121900 -732.000000
122000 -727.000000
122100 -722.000000
122200 -730.000000
122300 -638.000000
122400 -641.000000
122500 -642.000000
122600 -642.000000
122700 -642.000000
122800 -643.000000
122900 -642.000000
123000 -646.000000
123100 -642.000000
123200 -644.000000
123300 -643.000000
123400 -645.000000
123500 -641.000000
123600 -645.000000
123700 -643.000000
123800 -645.000000
123900 -639.000000
124000 -637.000000
124100 -640.000000
124200 -642.000000
124300 -641.000000
124400 -636.000000
124500 -640.000000
124600 -640.000000
124700 -640.000000
124800 -640.000000
124900 -640.000000
125000 -639.000000
125100 -639.000000
125200 -639.000000
125300 -640.000000
125400 -640.000000
125500 -638.000000
125600 -639.000000
125700 -640.000000
125800 -640.000000
125900 -639.000000
126000 -639.000000
126100 -640.000000
126200 -640.000000
126300 -639.000000
126400 -640.000000
126500 -640.000000
126600 -640.000000
126700 -638.000000
126800 -640.000000
126900 -638.000000
127000 -640.000000
127100 -639.000000
127200 -639.000000
127300 -639.000000
127400 -639.000000
127500 -640.000000
127600 -640.000000
127700 -639.000000
127800 -638.000000
127900 -640.000000
128000 -640.000000
128100 -640.000000
128200 -640.000000
128300 -639.000000
128400 -640.000000
128500 -636.000000
128600 -639.000000
128700 -638.000000
128800 -640.000000
128900 -640.000000
129000 -639.000000
129100 -640.000000
129200 -640.000000
129300 -639.000000
129400 -638.000000
129500 -640.000000
129600 -639.000000
129700 -640.000000
129800 -639.000000
129900 -640.000000
130000 -640.000000
130100 -640.000000
130200 -639.000000
130300 -639.000000
130400 -640.000000
130500 -640.000000
130600 -640.000000
130700 -640.000000
130800 -639.000000
130900 -639.000000
131000 -640.000000
131100 -638.000000
131200 -638.000000
131300 -640.000000
131400 -638.000000
131500 -638.000000
131600 -640.000000
131700 -640.000000
131800 -639.000000
131900 -638.000000
132000 -640.000000
132100 -639.000000
132200 -639.000000
132300 -640.000000
132400 -640.000000
132500 -639.000000
132600 -640.000000
132700 -640.000000
132800 -640.000000
132900 -640.000000
133000 -639.000000
133100 -609.000000
133200 -608.000000
133300 -608.000000
133400 -609.000000
133500 -608.000000
133600 -608.000000
133700 -608.000000
133800 -608.000000
133900 -608.000000
134000 -608.000000
134100 -608.000000
134200 -608.000000
134300 -608.000000
134400 -608.000000
134500 -608.000000
134600 -608.000000
134700 -608.000000
134800 -608.000000
134900 -608.000000
135000 -608.000000
135100 -608.000000
135200 -608.000000
135300 -607.000000
135400 -607.000000
135500 -607.000000
135600 -608.000000
135700 -607.000000
135800 -608.000000
135900 -605.000000
136000 -608.000000
136100 -608.000000
136200 -608.000000
136300 -608.000000
136400 -607.000000
136500 -608.000000
136600 -608.000000
136700 -608.000000
136800 -608.000000
136900 -606.000000
137000 -606.000000
137100 -605.000000
137200 -608.000000
137300 -607.000000
137400 -608.000000
137500 -607.000000
137600 -609.000000
137700 -607.000000
137800 -608.000000
137900 -608.000000
138000 -607.000000
138100 -608.000000
138200 -605.000000
138300 -607.000000
138400 -608.000000
138500 -608.000000
138600 -608.000000
138700 -608.000000
138800 -608.000000
138900 -608.000000
139000 -607.000000
139100 -607.000000
139200 -608.000000
139300 -608.000000
139400 -608.000000
139500 -608.000000
139600 -608.000000
139700 -608.000000
139800 -607.000000
139900 -608.000000
140000 -606.000000
140100 -607.000000
140200 -606.000000
140300 -607.000000
140400 -608.000000
140500 -607.000000
140600 -607.000000
140700 -607.000000
140800 -608.000000
140900 -608.000000
141000 -608.000000
141100 -608.000000
141200 -608.000000
141300 -608.000000
141400 -608.000000
141500 -607.000000
141600 -607.000000
141700 -607.000000
141800 -607.000000
141900 -607.000000
142000 -608.000000
142100 -608.000000
142200 -608.000000
142300 -608.000000
142400 -608.000000
142500 -608.000000
142600 -608.000000
142700 -607.000000
142800 -608.000000
142900 -608.000000
143000 -608.000000
143100 -608.000000
143200 -608.000000
143300 -607.000000
143400 -608.000000
143500 -607.000000
143600 -608.000000
143700 -607.000000
143800 -608.000000
143900 -608.000000
144000 -608.000000
144100 -608.000000
144200 -609.000000
144300 -608.000000
144400 -608.000000
144500 -607.000000
144600 -608.000000
144700 -607.000000
144800 -609.000000
144900 -608.000000
145000 -608.000000
145100 -608.000000
145200 -608.000000
145300 -607.000000
145400 -608.000000
145500 -608.000000
145600 -608.000000
145700 -608.000000
145800 -608.000000
145900 -607.000000
146000 -608.000000
146100 -608.000000
146200 -608.000000
146300 -608.000000
146400 -608.000000
146500 -606.000000
146600 -608.000000
146700 -609.000000
146800 -608.000000
146900 -608.000000
147000 -609.000000
147100 -608.000000
147200 -608.000000
147300 -608.000000
147400 -609.000000
147500 -608.000000
147600 -608.000000
147700 -608.000000
147800 -608.000000
147900 -608.000000
148000 -608.000000
148100 -608.000000
148200 -608.000000
148300 -608.000000
148400 -608.000000
148500 -607.000000
148600 -608.000000
148700 -608.000000
148800 -608.000000
148900 -608.000000
149000 -608.000000
149100 -608.000000
149200 -607.000000
149300 -607.000000
149400 -608.000000
149500 -608.000000
149600 -607.000000
149700 -608.000000
149800 -607.000000
149900 -607.000000
150000 -607.000000
150100 -607.000000
150200 -608.000000
150300 -607.000000
150400 -608.000000
150500 -607.000000
150600 -607.000000
150700 -608.000000
150800 -607.000000
150900 -607.000000
151000 -607.000000
151100 -608.000000
151200 -607.000000
151300 -607.000000
151400 -607.000000
151500 -608.000000
151600 -607.000000
151700 -607.000000
151800 -608.000000
151900 -607.000000
152000 -608.000000
152100 -607.000000
152200 -608.000000
152300 -607.000000
152400 -607.000000
152500 -608.000000
152600 -608.000000
152700 -607.000000
152800 -608.000000
152900 -607.000000
153000 -607.000000
153100 -607.000000
153200 -607.000000
153300 -607.000000
153400 -606.000000
153500 -608.000000
153600 -607.000000
153700 -608.000000
153800 -607.000000
153900 -608.000000
154000 -608.000000
154100 -608.000000
154200 -607.000000
154300 -606.000000
154400 -607.000000
154500 -608.000000
154600 -608.000000
154700 -607.000000
154800 -608.000000
154900 -607.000000
155000 -608.000000
155100 -608.000000
155200 -607.000000
155300 -607.000000
155400 -607.000000
155500 -608.000000
155600 -608.000000
155700 -607.000000
155800 -608.000000
155900 -608.000000
156000 -607.000000
156100 -607.000000
156200 -607.000000
156300 -608.000000
156400 -608.000000
156500 -607.000000
156600 -608.000000
156700 -607.000000
156800 -608.000000
156900 -602.000000
157000 -606.000000
157100 -608.000000
157200 -608.000000
157300 -607.000000
157400 -607.000000
157500 -608.000000
157600 -607.000000
157700 -608.000000
157800 -608.000000
157900 -608.000000
158000 -608.000000
158100 -608.000000
158200 -608.000000
158300 -606.000000
158400 -608.000000
158500 -608.000000
158600 -606.000000
158700 -608.000000
158800 -607.000000
158900 -607.000000
159000 -608.000000
159100 -608.000000
159200 -608.000000
159300 -607.000000
159400 -608.000000
159500 -608.000000
159600 -607.000000
159700 -608.000000
159800 -607.000000
159900 -608.000000
160000 -608.000000
160100 -607.000000
160200 -608.000000
160300 -608.000000
160400 -608.000000
160500 -607.000000
160600 -607.000000
160700 -608.000000
160800 -608.000000
160900 -605.000000
161000 -608.000000
161100 -607.000000
161200 -608.000000
161300 -607.000000
161400 -607.000000
161500 -608.000000
161600 -608.000000
161700 -608.000000
161800 -608.000000
161900 -608.000000
162000 -607.000000
162100 -608.000000
162200 -607.000000
162300 -608.000000
162400 -607.000000
162500 -608.000000
162600 -608.000000
162700 -608.000000
162800 -607.000000
162900 -608.000000
163000 -607.000000
163100 -607.000000
163200 -607.000000
163300 -608.000000
163400 -607.000000
163500 -607.000000
163600 -608.000000
163700 -607.000000
163800 -607.000000
163900 -607.000000
164000 -608.000000
164100 -608.000000
164200 -607.000000
164300 -607.000000
164400 -608.000000
164500 -607.000000
164600 -608.000000
164700 -608.000000
164800 -607.000000
164900 -607.000000
165000 -607.000000
165100 -607.000000
165200 -608.000000
165300 -607.000000
165400 -608.000000
165500 -607.000000
165600 -607.000000
165700 -608.000000
165800 -608.000000
165900 -606.000000
166000 -608.000000
166100 -608.000000
166200 -608.000000
166300 -607.000000
166400 -605.000000
166500 -607.000000
166600 -608.000000
166700 -607.000000
166800 -592.000000
166900 -596.000000
167000 -607.000000
167100 -608.000000
167200 -606.000000
167300 -607.000000
167400 -608.000000
167500 -607.000000
167600 -607.000000
167700 -608.000000
167800 -589.000000
167900 -583.000000
168000 -594.000000
168100 -600.000000
168200 -589.000000
168300 -578.000000
168400 -577.000000
168500 -574.000000
168600 -575.000000
168700 -577.000000
168800 -577.000000
168900 -575.000000
169000 -576.000000
169100 -577.000000
169200 -577.000000
169300 -575.000000
169400 -575.000000
169500 -576.000000
169600 -575.000000
169700 -578.000000
169800 -579.000000
169900 -575.000000
170000 -576.000000
170100 -585.000000
170200 -576.000000
170300 -577.000000
170400 -578.000000
170500 -584.000000
170600 -575.000000
170700 -582.000000
170800 -582.000000
170900 -573.000000
171000 -574.000000
171100 -575.000000
171200 -579.000000
171300 -575.000000
171400 -573.000000
171500 -577.000000
171600 -582.000000
171700 -573.000000
171800 -576.000000
171900 -579.000000
172000 -578.000000
172100 -579.000000
172200 -577.000000
172300 -575.000000
172400 -574.000000
172500 -577.000000
172600 -578.000000
172700 -575.000000
172800 -569.000000
172900 -578.000000
173000 -579.000000
173100 -576.000000
173200 -576.000000
173300 -576.000000
173400 -576.000000
173500 -576.000000
173600 -576.000000
173700 -576.000000
173800 -574.000000
173900 -577.000000
174000 -581.000000
174100 -576.000000
174200 -577.000000
174300 -575.000000
174400 -576.000000
174500 -576.000000
174600 -575.000000
174700 -573.000000
174800 -577.000000
174900 -577.000000
175000 -576.000000
175100 -577.000000
175200 -575.000000
175300 -574.000000
175400 -574.000000
175500 -575.000000
175600 -576.000000
175700 -576.000000
175800 -575.000000
175900 -577.000000
176000 -575.000000
176100 -575.000000
176200 -574.000000
176300 -575.000000
176400 -574.000000
176500 -575.000000
176600 -575.000000
176700 -576.000000
176800 -575.000000
176900 -576.000000
177000 -574.000000
177100 -575.000000
177200 -575.000000
177300 -575.000000
177400 -575.000000
177500 -576.000000
177600 -575.000000
177700 -576.000000
177800 -576.000000
177900 -575.000000
178000 -575.000000
178100 -573.000000
178200 -573.000000
178300 -574.000000
178400 -575.000000
178500 -575.000000
178600 -573.000000
178700 -576.000000
178800 -577.000000
178900 -576.000000
179000 -575.000000
179100 -575.000000
179200 -575.000000
179300 -572.000000
179400 -577.000000
179500 -574.000000
179600 -574.000000
179700 -576.000000
179800 -576.000000
179900 -575.000000
180000 -576.000000
180100 -575.000000
180200 -574.000000
180300 -568.000000
180400 -577.000000
180500 -579.000000
180600 -572.000000
180700 -575.000000
180800 -577.000000
180900 -574.000000
181000 -574.000000
181100 -577.000000
181200 -579.000000
181300 -576.000000
181400 -575.000000
181500 -574.000000
181600 -577.000000
181700 -574.000000
181800 -574.000000
181900 -576.000000
182000 -576.000000
182100 -576.000000
182200 -575.000000
182300 -571.000000
182400 -575.000000
182500 -576.000000
182600 -575.000000
182700 -575.000000
182800 -574.000000
182900 -575.000000
183000 -576.000000
183100 -574.000000
183200 -573.000000
183300 -573.000000
183400 -576.000000
183500 -574.000000
183600 -574.000000
183700 -569.000000
183800 -571.000000
183900 -575.000000
184000 -574.000000
184100 -577.000000
184200 -576.000000
184300 -571.000000
184400 -573.000000
184500 -574.000000
184600 -575.000000
184700 -574.000000
184800 -575.000000
184900 -576.000000
185000 -575.000000
185100 -576.000000
185200 -576.000000
185300 -576.000000
185400 -575.000000
185500 -575.000000
185600 -576.000000
185700 -574.000000
185800 -575.000000
185900 -575.000000
186000 -574.000000
186100 -573.000000
186200 -575.000000
186300 -573.000000
186400 -576.000000
186500 -573.000000
186600 -574.000000
186700 -572.000000
186800 -575.000000
186900 -575.000000
187000 -574.000000
187100 -575.000000
187200 -572.000000
187300 -575.000000
187400 -574.000000
187500 -572.000000
187600 -575.000000
187700 -575.000000
187800 -573.000000
187900 -575.000000
188000 -572.000000
188100 -575.000000
188200 -575.000000
188300 -575.000000
188400 -574.000000
188500 -571.000000
188600 -576.000000
188700 -574.000000
188800 -566.000000
188900 -575.000000
189000 -575.000000
189100 -576.000000
189200 -562.000000
189300 -576.000000
189400 -574.000000
189500 -575.000000
189600 -574.000000
189700 -576.000000
189800 -575.000000
189900 -570.000000
190000 -576.000000
190100 -575.000000
190200 -574.000000
190300 -570.000000
190400 -574.000000
190500 -574.000000
190600 -574.000000
190700 -576.000000
190800 -576.000000
190900 -574.000000
191000 -568.000000
191100 -574.000000
191200 -574.000000
191300 -575.000000
191400 -573.000000
191500 -570.000000
191600 -576.000000
191700 -573.000000
191800 -569.000000
191900 -575.000000
192000 -575.000000
192100 -576.000000
192200 -575.000000
192300 -575.000000
192400 -575.000000
192500 -575.000000
192600 -575.000000
192700 -575.000000
192800 -575.000000
192900 -576.000000
193000 -575.000000
193100 -575.000000
193200 -574.000000
193300 -576.000000
193400 -573.000000
193500 -572.000000
193600 -575.000000
193700 -574.000000
193800 -575.000000
193900 -575.000000
194000 -573.000000
194100 -570.000000
194200 -575.000000
194300 -576.000000
194400 -574.000000
194500 -574.000000
194600 -575.000000
194700 -575.000000
194800 -575.000000
194900 -573.000000
195000 -572.000000
195100 -572.000000
195200 -574.000000
195300 -574.000000
195400 -568.000000
195500 -573.000000
195600 -575.000000
195700 -576.000000
195800 -575.000000
195900 -569.000000
196000 -575.000000
196100 -572.000000
196200 -574.000000
196300 -576.000000
196400 -571.000000
196500 -576.000000
196600 -572.000000
196700 -574.000000
196800 -574.000000
196900 -574.000000
197000 -571.000000
197100 -575.000000
197200 -574.000000
197300 -571.000000
197400 -573.000000
197500 -575.000000
197600 -570.000000
197700 -576.000000
197800 -574.000000
197900 -577.000000
198000 -572.000000
198100 -572.000000
198200 -573.000000
198300 -576.000000
198400 -569.000000
198500 -573.000000
198600 -570.000000
198700 -576.000000
198800 -565.000000
198900 -573.000000
199000 -573.000000
199100 -568.000000
199200 -575.000000
199300 -570.000000
199400 -571.000000
199500 -574.000000
199600 -573.000000
199700 -566.000000
199800 -575.000000
199900 -575.000000
