0 -1024.000000
100 -896.000000
200 -896.000000
300 -896.000000
400 -896.000000
500 -896.000000
600 -895.000000
700 -895.000000
800 -896.000000
900 -895.000000
1000 -895.000000
1100 -894.000000
1200 -893.000000
1300 -895.000000
1400 -895.000000
1500 -896.000000
1600 -895.000000
1700 -895.000000
1800 -880.000000
1900 -864.000000
2000 -864.000000
2100 -864.000000
2200 -861.000000
2300 -864.000000
2400 -864.000000
2500 -864.000000
2600 -864.000000
2700 -864.000000
2800 -864.000000
2900 -864.000000
3000 -864.000000
3100 -864.000000
3200 -832.000000
3300 -832.000000
3400 -832.000000
3500 -832.000000
3600 -832.000000
3700 -832.000000
3800 -832.000000
3900 -832.000000
4000 -832.000000
4100 -832.000000
4200 -832.000000
4300 -832.000000
4400 -831.000000
4500 -832.000000
4600 -832.000000
4700 -832.000000
4800 -831.000000
4900 -832.000000
5000 -832.000000
5100 -832.000000
5200 -832.000000
5300 -831.000000
5400 -830.000000
5500 -832.000000
5600 -832.000000
5700 -832.000000
5800 -832.000000
5900 -832.000000
6000 -832.000000
6100 -832.000000
6200 -832.000000
6300 -832.000000
6400 -832.000000
6500 -832.000000
6600 -832.000000
6700 -832.000000
6800 -832.000000
6900 -832.000000
7000 -832.000000
7100 -832.000000
7200 -832.000000
7300 -832.000000
7400 -832.000000
7500 -832.000000
7600 -832.000000
7700 -832.000000
7800 -829.000000
7900 -832.000000
8000 -826.000000
8100 -797.000000
8200 -793.000000
8300 -805.000000
8400 -793.000000
8500 -766.000000
8600 -765.000000
8700 -769.000000
8800 -766.000000
8900 -769.000000
9000 -766.000000
9100 -770.000000
9200 -769.000000
9300 -768.000000
9400 -767.000000
9500 -768.000000
9600 -768.000000
9700 -768.000000
9800 -768.000000
9900 -768.000000
10000 -768.000000
10100 -767.000000
10200 -768.000000
10300 -768.000000
10400 -767.000000
10500 -767.000000
10600 -767.000000
10700 -768.000000
10800 -768.000000
10900 -767.000000
11000 -768.000000
11100 -766.000000
11200 -768.000000
11300 -768.000000
11400 -766.000000
11500 -767.000000
11600 -768.000000
11700 -766.000000
11800 -768.000000
11900 -768.000000
12000 -767.000000
12100 -764.000000
12200 -768.000000
12300 -767.000000
12400 -769.000000
12500 -767.000000
12600 -767.000000
12700 -766.000000
12800 -765.000000
12900 -765.000000
13000 -767.000000
13100 -768.000000
13200 -767.000000
13300 -767.000000
13400 -768.000000
13500 -768.000000
13600 -767.000000
13700 -768.000000
13800 -767.000000
13900 -768.000000
14000 -766.000000
14100 -766.000000
14200 -768.000000
14300 -767.000000
14400 -767.000000
14500 -767.000000
14600 -767.000000
14700 -767.000000
14800 -768.000000
14900 -766.000000
15000 -766.000000
15100 -768.000000
15200 -766.000000
15300 -767.000000
15400 -764.000000
15500 -768.000000
15600 -766.000000
15700 -767.000000
15800 -767.000000
15900 -764.000000
16000 -765.000000
16100 -768.000000
16200 -764.000000
16300 -765.000000
16400 -767.000000
16500 -768.000000
16600 -767.000000
16700 -768.000000
16800 -767.000000
16900 -768.000000
17000 -767.000000
17100 -768.000000
17200 -764.000000
17300 -766.000000
17400 -768.000000
17500 -767.000000
17600 -766.000000
17700 -768.000000
17800 -767.000000
17900 -767.000000
18000 -768.000000
18100 -767.000000
18200 -766.000000
18300 -768.000000
18400 -768.000000
18500 -768.000000
18600 -764.000000
18700 -767.000000
18800 -767.000000
18900 -767.000000
19000 -768.000000
19100 -767.000000
19200 -765.000000
19300 -768.000000
19400 -766.000000
19500 -739.000000
19600 -739.000000
19700 -735.000000
19800 -742.000000
19900 -741.000000
20000 -727.000000
20100 -731.000000
20200 -734.000000
20300 -733.000000
20400 -743.000000
20500 -737.000000
20600 -737.000000
20700 -732.000000
20800 -739.000000
20900 -732.000000
21000 -728.000000
21100 -742.000000
21200 -731.000000
21300 -742.000000
21400 -738.000000
21500 -728.000000
21600 -739.000000
21700 -721.000000
21800 -719.000000
21900 -724.000000
22000 -733.000000
22100 -741.000000
22200 -739.000000
22300 -739.000000
22400 -744.000000
22500 -736.000000
22600 -703.000000
22700 -736.000000
22800 -736.000000
22900 -720.000000
23000 -725.000000
23100 -724.000000
23200 -724.000000
23300 -724.000000
23400 -736.000000
23500 -728.000000
23600 -720.000000
23700 -732.000000
23800 -736.000000
23900 -719.000000
24000 -715.000000
24100 -704.000000
24200 -725.000000
24300 -727.000000
24400 -714.000000
24500 -713.000000
24600 -718.000000
24700 -736.000000
24800 -732.000000
24900 -727.000000
25000 -717.000000
25100 -721.000000
25200 -713.000000
25300 -713.000000
25400 -694.000000
25500 -680.000000
25600 -691.000000
25700 -703.000000
25800 -709.000000
25900 -694.000000
26000 -691.000000
26100 -684.000000
26200 -694.000000
26300 -712.000000
26400 -691.000000
26500 -702.000000
26600 -700.000000
26700 -695.000000
26800 -693.000000
26900 -712.000000
27000 -682.000000
27100 -687.000000
27200 -704.000000
27300 -703.000000
27400 -705.000000
27500 -687.000000
27600 -707.000000
27700 -703.000000
27800 -709.000000
27900 -703.000000
28000 -703.000000
28100 -705.000000
28200 -685.000000
28300 -706.000000
28400 -711.000000
28500 -691.000000
28600 -696.000000
28700 -704.000000
28800 -695.000000
28900 -689.000000
29000 -696.000000
29100 -695.000000
29200 -696.000000
29300 -701.000000
29400 -697.000000
29500 -694.000000
29600 -703.000000
29700 -693.000000
29800 -683.000000
29900 -703.000000
30000 -701.000000
30100 -690.000000
30200 -677.000000
30300 -686.000000
30400 -690.000000
30500 -701.000000
30600 -697.000000
30700 -694.000000
30800 -683.000000
30900 -682.000000
31000 -691.000000
31100 -696.000000
31200 -698.000000
31300 -693.000000
31400 -701.000000
31500 -691.000000
31600 -700.000000
31700 -702.000000
31800 -708.000000
31900 -690.000000
32000 -703.000000
32100 -708.000000
32200 -708.000000
32300 -700.000000
32400 -704.000000
32500 -687.000000
32600 -703.000000
32700 -679.000000
32800 -688.000000
32900 -671.000000
33000 -669.000000
33100 -677.000000
33200 -684.000000
33300 -685.000000
33400 -666.000000
33500 -688.000000
33600 -685.000000
33700 -686.000000
33800 -684.000000
33900 -679.000000
34000 -674.000000
34100 -680.000000
34200 -675.000000
34300 -685.000000
34400 -666.000000
34500 -674.000000
34600 -679.000000
34700 -673.000000
34800 -694.000000
34900 -682.000000
35000 -664.000000
35100 -668.000000
35200 -673.000000
35300 -666.000000
35400 -667.000000
35500 -669.000000
35600 -665.000000
35700 -684.000000
35800 -677.000000
35900 -658.000000
36000 -674.000000
36100 -669.000000
36200 -662.000000
36300 -682.000000
36400 -667.000000
36500 -684.000000
36600 -684.000000
36700 -695.000000
36800 -693.000000
36900 -673.000000
37000 -677.000000
37100 -678.000000
37200 -701.000000
37300 -701.000000
37400 -676.000000
37500 -678.000000
37600 -684.000000
37700 -678.000000
37800 -687.000000
37900 -676.000000
38000 -671.000000
38100 -684.000000
38200 -670.000000
38300 -677.000000
38400 -677.000000
38500 -677.000000
38600 -682.000000
38700 -675.000000
38800 -676.000000
38900 -684.000000
39000 -681.000000
39100 -677.000000
39200 -684.000000
39300 -667.000000
39400 -667.000000
39500 -675.000000
39600 -678.000000
39700 -689.000000
39800 -684.000000
39900 -685.000000
40000 -684.000000
40100 -674.000000
40200 -684.000000
40300 -682.000000
40400 -668.000000
40500 -687.000000
40600 -674.000000
40700 -668.000000
40800 -685.000000
40900 -675.000000
41000 -674.000000
41100 -667.000000
41200 -674.000000
41300 -686.000000
41400 -679.000000
41500 -691.000000
41600 -673.000000
41700 -663.000000
41800 -669.000000
41900 -683.000000
42000 -677.000000
42100 -678.000000
42200 -688.000000
42300 -676.000000
42400 -679.000000
42500 -673.000000
42600 -681.000000
42700 -690.000000
42800 -682.000000
42900 -672.000000
43000 -681.000000
43100 -667.000000
43200 -678.000000
43300 -680.000000
43400 -676.000000
43500 -685.000000
43600 -684.000000
43700 -674.000000
43800 -686.000000
43900 -678.000000
44000 -679.000000
44100 -671.000000
44200 -683.000000
44300 -691.000000
44400 -673.000000
44500 -676.000000
44600 -679.000000
44700 -676.000000
44800 -675.000000
44900 -678.000000
45000 -667.000000
45100 -675.000000
45200 -667.000000
45300 -674.000000
45400 -676.000000
45500 -664.000000
45600 -675.000000
45700 -671.000000
45800 -664.000000
45900 -670.000000
46000 -678.000000
46100 -677.000000
46200 -668.000000
46300 -669.000000
46400 -668.000000
46500 -673.000000
46600 -669.000000
46700 -656.000000
46800 -654.000000
46900 -669.000000
47000 -663.000000
47100 -665.000000
47200 -664.000000
47300 -658.000000
47400 -665.000000
47500 -667.000000
47600 -642.000000
47700 -654.000000
47800 -653.000000
47900 -658.000000
48000 -648.000000
48100 -648.000000
48200 -646.000000
48300 -655.000000
48400 -657.000000
48500 -647.000000
48600 -658.000000
48700 -651.000000
48800 -640.000000
48900 -655.000000
49000 -658.000000
49100 -656.000000
49200 -652.000000
49300 -652.000000
49400 -658.000000
49500 -639.000000
49600 -653.000000
49700 -650.000000
49800 -652.000000
49900 -658.000000
50000 -644.000000
50100 -647.000000
50200 -658.000000
50300 -637.000000
50400 -643.000000
50500 -638.000000
50600 -650.000000
50700 -648.000000
50800 -647.000000
50900 -646.000000
51000 -645.000000
51100 -647.000000
51200 -646.000000
51300 -642.000000
51400 -647.000000
51500 -652.000000
51600 -647.000000
51700 -647.000000
51800 -648.000000
51900 -646.000000
52000 -643.000000
52100 -640.000000
52200 -639.000000
52300 -647.000000
52400 -643.000000
52500 -648.000000
52600 -644.000000
52700 -651.000000
52800 -638.000000
52900 -640.000000
53000 -627.000000
53100 -647.000000
53200 -643.000000
53300 -645.000000
53400 -645.000000
53500 -636.000000
53600 -641.000000
53700 -647.000000
53800 -637.000000
53900 -652.000000
54000 -643.000000
54100 -643.000000
54200 -634.000000
54300 -640.000000
54400 -637.000000
54500 -650.000000
54600 -640.000000
54700 -641.000000
54800 -640.000000
54900 -631.000000
55000 -640.000000
55100 -646.000000
55200 -627.000000
55300 -626.000000
55400 -641.000000
55500 -641.000000
55600 -636.000000
55700 -646.000000
55800 -637.000000
55900 -644.000000
56000 -644.000000
56100 -640.000000
56200 -648.000000
56300 -643.000000
56400 -638.000000
56500 -644.000000
56600 -647.000000
56700 -641.000000
56800 -642.000000
56900 -641.000000
57000 -640.000000
57100 -636.000000
57200 -640.000000
57300 -640.000000
57400 -641.000000
57500 -640.000000
57600 -639.000000
57700 -637.000000
57800 -641.000000
57900 -639.000000
58000 -642.000000
58100 -643.000000
58200 -640.000000
58300 -642.000000
58400 -639.000000
58500 -641.000000
58600 -640.000000
58700 -640.000000
58800 -641.000000
58900 -641.000000
59000 -643.000000
59100 -639.000000
59200 -639.000000
59300 -641.000000
59400 -646.000000
59500 -640.000000
59600 -641.000000
59700 -644.000000
59800 -633.000000
59900 -637.000000
60000 -641.000000
60100 -641.000000
60200 -640.000000
60300 -630.000000
60400 -639.000000
60500 -642.000000
60600 -640.000000
60700 -641.000000
60800 -639.000000
60900 -633.000000
61000 -640.000000
61100 -640.000000
61200 -639.000000
61300 -638.000000
61400 -636.000000
61500 -640.000000
61600 -637.000000
61700 -634.000000
61800 -638.000000
61900 -639.000000
62000 -640.000000
62100 -640.000000
62200 -640.000000
62300 -640.000000
62400 -640.000000
62500 -632.000000
62600 -637.000000
62700 -637.000000
62800 -640.000000
62900 -642.000000
63000 -635.000000
63100 -636.000000
63200 -634.000000
63300 -638.000000
63400 -635.000000
63500 -639.000000
63600 -638.000000
63700 -640.000000
63800 -638.000000
63900 -639.000000
64000 -633.000000
64100 -631.000000
64200 -641.000000
64300 -634.000000
64400 -637.000000
64500 -639.000000
64600 -640.000000
64700 -639.000000
64800 -639.000000
64900 -639.000000
65000 -631.000000
65100 -638.000000
65200 -638.000000
65300 -638.000000
65400 -638.000000
65500 -638.000000
65600 -638.000000
65700 -640.000000
65800 -633.000000
65900 -640.000000
66000 -638.000000
66100 -640.000000
66200 -636.000000
66300 -639.000000
66400 -640.000000
66500 -639.000000
66600 -635.000000
66700 -634.000000
66800 -639.000000
66900 -640.000000
67000 -623.000000
67100 -636.000000
67200 -637.000000
67300 -640.000000
67400 -633.000000
67500 -640.000000
67600 -640.000000
67700 -641.000000
67800 -639.000000
67900 -640.000000
68000 -639.000000
68100 -640.000000
68200 -635.000000
68300 -639.000000
68400 -639.000000
68500 -635.000000
68600 -639.000000
68700 -639.000000
68800 -640.000000
68900 -640.000000
69000 -639.000000
69100 -639.000000
69200 -635.000000
69300 -640.000000
69400 -640.000000
69500 -640.000000
69600 -637.000000
69700 -638.000000
69800 -639.000000
69900 -639.000000
70000 -639.000000
70100 -641.000000
70200 -637.000000
70300 -640.000000
70400 -640.000000
70500 -640.000000
70600 -638.000000
70700 -636.000000
70800 -639.000000
70900 -636.000000
71000 -640.000000
71100 -636.000000
71200 -638.000000
71300 -639.000000
71400 -640.000000
71500 -636.000000
71600 -626.000000
71700 -636.000000
71800 -638.000000
71900 -638.000000
72000 -637.000000
72100 -634.000000
72200 -630.000000
72300 -640.000000
72400 -639.000000
72500 -638.000000
72600 -639.000000
72700 -636.000000
72800 -633.000000
72900 -635.000000
73000 -638.000000
73100 -632.000000
73200 -640.000000
73300 -640.000000
73400 -638.000000
73500 -639.000000
73600 -635.000000
73700 -640.000000
73800 -639.000000
73900 -638.000000
74000 -640.000000
74100 -634.000000
74200 -634.000000
74300 -639.000000
74400 -636.000000
74500 -637.000000
74600 -633.000000
74700 -639.000000
74800 -636.000000
74900 -638.000000
75000 -635.000000
75100 -639.000000
75200 -633.000000
75300 -634.000000
75400 -636.000000
75500 -638.000000
75600 -639.000000
75700 -636.000000
75800 -638.000000
75900 -639.000000
76000 -641.000000
76100 -636.000000
76200 -640.000000
76300 -636.000000
76400 -633.000000
76500 -634.000000
76600 -638.000000
76700 -637.000000
76800 -634.000000
76900 -637.000000
77000 -626.000000
77100 -636.000000
77200 -638.000000
77300 -638.000000
77400 -629.000000
77500 -627.000000
77600 -638.000000
77700 -634.000000
77800 -637.000000
77900 -636.000000
78000 -636.000000
78100 -631.000000
78200 -636.000000
78300 -639.000000
78400 -638.000000
78500 -631.000000
78600 -628.000000
78700 -632.000000
78800 -637.000000
78900 -630.000000
79000 -639.000000
79100 -638.000000
79200 -633.000000
79300 -638.000000
79400 -635.000000
79500 -639.000000
79600 -636.000000
79700 -637.000000
79800 -638.000000
79900 -636.000000
80000 -630.000000
80100 -639.000000
80200 -638.000000
80300 -639.000000
80400 -636.000000
80500 -638.000000
80600 -631.000000
80700 -637.000000
80800 -635.000000
80900 -627.000000
81000 -639.000000
81100 -634.000000
81200 -639.000000
81300 -639.000000
81400 -636.000000
81500 -638.000000
81600 -636.000000
81700 -636.000000
81800 -631.000000
81900 -636.000000
82000 -639.000000
82100 -637.000000
82200 -634.000000
82300 -629.000000
82400 -631.000000
82500 -640.000000
82600 -635.000000
82700 -637.000000
82800 -637.000000
82900 -639.000000
83000 -639.000000
83100 -638.000000
83200 -639.000000
83300 -640.000000
83400 -635.000000
83500 -639.000000
83600 -636.000000
83700 -637.000000
83800 -639.000000
83900 -628.000000
84000 -632.000000
84100 -633.000000
84200 -635.000000
84300 -640.000000
84400 -640.000000
84500 -637.000000
84600 -637.000000
84700 -640.000000
84800 -638.000000
84900 -636.000000
85000 -639.000000
85100 -637.000000
85200 -639.000000
85300 -638.000000
85400 -639.000000
85500 -638.000000
85600 -639.000000
85700 -640.000000
85800 -639.000000
85900 -639.000000
86000 -638.000000
86100 -637.000000
86200 -636.000000
86300 -638.000000
86400 -632.000000
86500 -638.000000
86600 -636.000000
86700 -638.000000
86800 -635.000000
86900 -632.000000
87000 -633.000000
87100 -636.000000
87200 -638.000000
87300 -638.000000
87400 -639.000000
87500 -638.000000
87600 -638.000000
87700 -638.000000
87800 -637.000000
87900 -632.000000
88000 -626.000000
88100 -639.000000
88200 -633.000000
88300 -639.000000
88400 -639.000000
88500 -639.000000
88600 -637.000000
88700 -639.000000
88800 -636.000000
88900 -635.000000
89000 -638.000000
89100 -637.000000
89200 -637.000000
89300 -634.000000
89400 -639.000000
89500 -634.000000
89600 -637.000000
89700 -635.000000
89800 -638.000000
89900 -637.000000
90000 -636.000000
90100 -636.000000
90200 -638.000000
90300 -638.000000
90400 -638.000000
90500 -638.000000
90600 -637.000000
90700 -639.000000
90800 -637.000000
90900 -629.000000
91000 -638.000000
91100 -634.000000
91200 -637.000000
91300 -634.000000
91400 -636.000000
91500 -637.000000
91600 -639.000000
91700 -639.000000
91800 -640.000000
91900 -638.000000
92000 -640.000000
92100 -639.000000
92200 -640.000000
92300 -634.000000
92400 -632.000000
92500 -639.000000
92600 -638.000000
92700 -636.000000
92800 -633.000000
92900 -632.000000
93000 -632.000000
93100 -631.000000
93200 -638.000000
93300 -634.000000
93400 -639.000000
93500 -635.000000
93600 -639.000000
93700 -639.000000
93800 -640.000000
93900 -640.000000
94000 -637.000000
94100 -640.000000
94200 -640.000000
94300 -636.000000
94400 -636.000000
94500 -639.000000
94600 -640.000000
94700 -638.000000
94800 -633.000000
94900 -640.000000
95000 -631.000000
95100 -635.000000
95200 -639.000000
95300 -629.000000
95400 -640.000000
95500 -640.000000
95600 -635.000000
95700 -640.000000
95800 -635.000000
95900 -639.000000
96000 -640.000000
96100 -633.000000
96200 -638.000000
96300 -639.000000
96400 -639.000000
96500 -636.000000
96600 -637.000000
96700 -639.000000
96800 -634.000000
96900 -638.000000
97000 -637.000000
97100 -638.000000
97200 -635.000000
97300 -640.000000
97400 -639.000000
97500 -637.000000
97600 -638.000000
97700 -640.000000
97800 -638.000000
97900 -637.000000
98000 -640.000000
98100 -636.000000
98200 -638.000000
98300 -635.000000
98400 -633.000000
98500 -637.000000
98600 -631.000000
98700 -638.000000
98800 -638.000000
98900 -636.000000
99000 -639.000000
99100 -637.000000
99200 -632.000000
99300 -622.000000
99400 -636.000000
99500 -640.000000
99600 -638.000000
99700 -637.000000
99800 -640.000000
99900 -637.000000
100000 -638.000000
100100 -640.000000
100200 -639.000000
100300 -639.000000
100400 -637.000000
100500 -635.000000
100600 -635.000000
100700 -638.000000
100800 -639.000000
100900 -638.000000
101000 -637.000000
101100 -638.000000
101200 -639.000000
101300 -638.000000
101400 -639.000000
101500 -638.000000
101600 -636.000000
101700 -637.000000
101800 -636.000000
101900 -638.000000
102000 -637.000000
102100 -640.000000
102200 -639.000000
102300 -637.000000
102400 -639.000000
102500 -640.000000
102600 -638.000000
102700 -638.000000
102800 -633.000000
102900 -640.000000
103000 -639.000000
103100 -637.000000
103200 -640.000000
103300 -637.000000
103400 -639.000000
103500 -639.000000
103600 -639.000000
103700 -640.000000
103800 -638.000000
103900 -639.000000
104000 -637.000000
104100 -637.000000
104200 -639.000000
104300 -639.000000
104400 -632.000000
104500 -637.000000
104600 -639.000000
104700 -640.000000
104800 -640.000000
104900 -640.000000
105000 -639.000000
105100 -638.000000
105200 -639.000000
105300 -639.000000
105400 -640.000000
105500 -639.000000
105600 -639.000000
105700 -639.000000
105800 -639.000000
105900 -639.000000
106000 -640.000000
106100 -640.000000
106200 -640.000000
106300 -639.000000
106400 -639.000000
106500 -639.000000
106600 -633.000000
106700 -640.000000
106800 -631.000000
106900 -639.000000
107000 -638.000000
107100 -634.000000
107200 -637.000000
107300 -639.000000
107400 -639.000000
107500 -637.000000
107600 -639.000000
107700 -639.000000
107800 -637.000000
107900 -638.000000
108000 -639.000000
108100 -639.000000
108200 -638.000000
108300 -638.000000
108400 -638.000000
108500 -639.000000
108600 -639.000000
108700 -639.000000
108800 -638.000000
108900 -632.000000
109000 -635.000000
109100 -638.000000
109200 -639.000000
109300 -639.000000
109400 -640.000000
109500 -639.000000
109600 -637.000000
109700 -635.000000
109800 -637.000000
109900 -640.000000
110000 -638.000000
110100 -639.000000
110200 -639.000000
110300 -638.000000
110400 -638.000000
110500 -639.000000
110600 -639.000000
110700 -637.000000
110800 -639.000000
110900 -639.000000
111000 -635.000000
111100 -639.000000
111200 -640.000000
111300 -638.000000
111400 -636.000000
111500 -638.000000
111600 -639.000000
111700 -638.000000
111800 -639.000000
111900 -638.000000
112000 -639.000000
112100 -639.000000
112200 -639.000000
112300 -639.000000
112400 -640.000000
112500 -639.000000
112600 -638.000000
112700 -639.000000
112800 -636.000000
112900 -638.000000
113000 -639.000000
113100 -638.000000
113200 -637.000000
113300 -640.000000
113400 -628.000000
113500 -637.000000
113600 -639.000000
113700 -636.000000
113800 -639.000000
113900 -635.000000
114000 -638.000000
114100 -638.000000
114200 -640.000000
114300 -639.000000
114400 -639.000000
114500 -634.000000
114600 -639.000000
114700 -640.000000
114800 -637.000000
114900 -640.000000
115000 -636.000000
115100 -639.000000
115200 -638.000000
115300 -639.000000
115400 -639.000000
115500 -637.000000
115600 -640.000000
115700 -639.000000
115800 -639.000000
115900 -640.000000
116000 -639.000000
116100 -639.000000
116200 -638.000000
116300 -639.000000
116400 -639.000000
116500 -640.000000
116600 -638.000000
116700 -639.000000
116800 -640.000000
116900 -638.000000
117000 -638.000000
117100 -638.000000
117200 -638.000000
117300 -638.000000
117400 -639.000000
117500 -638.000000
117600 -638.000000
117700 -638.000000
117800 -637.000000
117900 -638.000000
118000 -635.000000
118100 -636.000000
118200 -634.000000
118300 -640.000000
118400 -635.000000
118500 -632.000000
118600 -639.000000
118700 -635.000000
118800 -634.000000
118900 -635.000000
119000 -639.000000
119100 -637.000000
119200 -638.000000
119300 -638.000000
119400 -638.000000
119500 -635.000000
119600 -638.000000
119700 -633.000000
119800 -634.000000
119900 -638.000000
120000 -638.000000
120100 -629.000000
120200 -637.000000
120300 -639.000000
120400 -636.000000
120500 -639.000000
120600 -639.000000
120700 -639.000000
120800 -639.000000
120900 -638.000000
121000 -633.000000
121100 -635.000000
121200 -635.000000
121300 -639.000000
121400 -638.000000
121500 -639.000000
121600 -639.000000
121700 -634.000000
121800 -639.000000
121900 -637.000000
122000 -636.000000
122100 -637.000000
122200 -635.000000
122300 -639.000000
122400 -639.000000
122500 -636.000000
122600 -630.000000
122700 -639.000000
122800 -639.000000
122900 -634.000000
123000 -639.000000
123100 -638.000000
123200 -632.000000
123300 -633.000000
123400 -638.000000
123500 -633.000000
123600 -633.000000
123700 -639.000000
123800 -636.000000
123900 -636.000000
124000 -638.000000
124100 -640.000000
124200 -636.000000
124300 -636.000000
124400 -630.000000
124500 -637.000000
124600 -634.000000
124700 -630.000000
124800 -633.000000
124900 -639.000000
125000 -629.000000
125100 -633.000000
125200 -634.000000
125300 -636.000000
125400 -635.000000
125500 -638.000000
125600 -634.000000
125700 -638.000000
125800 -638.000000
125900 -636.000000
126000 -639.000000
126100 -638.000000
126200 -633.000000
126300 -635.000000
126400 -638.000000
126500 -635.000000
126600 -639.000000
126700 -633.000000
126800 -636.000000
126900 -639.000000
127000 -640.000000
127100 -630.000000
127200 -625.000000
127300 -639.000000
127400 -639.000000
127500 -638.000000
127600 -639.000000
127700 -638.000000
127800 -639.000000
127900 -639.000000
128000 -639.000000
128100 -639.000000
128200 -640.000000
128300 -639.000000
128400 -639.000000
128500 -640.000000
128600 -639.000000
128700 -639.000000
128800 -640.000000
128900 -639.000000
129000 -638.000000
129100 -636.000000
129200 -638.000000
129300 -638.000000
129400 -637.000000
129500 -634.000000
129600 -629.000000
129700 -632.000000
129800 -640.000000
129900 -630.000000
130000 -639.000000
130100 -628.000000
130200 -639.000000
130300 -638.000000
130400 -637.000000
130500 -639.000000
130600 -639.000000
130700 -640.000000
130800 -640.000000
130900 -639.000000
131000 -639.000000
131100 -639.000000
131200 -638.000000
131300 -640.000000
131400 -640.000000
131500 -640.000000
131600 -638.000000
131700 -639.000000
131800 -639.000000
131900 -638.000000
132000 -638.000000
132100 -639.000000
132200 -637.000000
132300 -636.000000
132400 -640.000000
132500 -636.000000
132600 -639.000000
132700 -638.000000
132800 -637.000000
132900 -637.000000
133000 -639.000000
133100 -639.000000
133200 -638.000000
133300 -639.000000
133400 -638.000000
133500 -640.000000
133600 -639.000000
133700 -638.000000
133800 -640.000000
133900 -640.000000
134000 -640.000000
134100 -639.000000
134200 -639.000000
134300 -638.000000
134400 -639.000000
134500 -638.000000
134600 -640.000000
134700 -639.000000
134800 -637.000000
134900 -639.000000
135000 -640.000000
135100 -639.000000
135200 -639.000000
135300 -640.000000
135400 -640.000000
135500 -638.000000
135600 -631.000000
135700 -633.000000
135800 -639.000000
135900 -635.000000
136000 -636.000000
136100 -640.000000
136200 -640.000000
136300 -636.000000
136400 -639.000000
136500 -638.000000
136600 -640.000000
136700 -639.000000
136800 -640.000000
136900 -639.000000
137000 -639.000000
137100 -640.000000
137200 -640.000000
137300 -640.000000
137400 -640.000000
137500 -638.000000
137600 -638.000000
137700 -640.000000
137800 -639.000000
137900 -639.000000
138000 -638.000000
138100 -639.000000
138200 -637.000000
138300 -640.000000
138400 -639.000000
138500 -639.000000
138600 -638.000000
138700 -636.000000
138800 -640.000000
138900 -639.000000
139000 -637.000000
139100 -640.000000
139200 -640.000000
139300 -638.000000
139400 -631.000000
139500 -637.000000
139600 -636.000000
139700 -638.000000
139800 -638.000000
139900 -636.000000
140000 -636.000000
140100 -640.000000
140200 -638.000000
140300 -638.000000
140400 -639.000000
140500 -638.000000
140600 -639.000000
140700 -637.000000
140800 -638.000000
140900 -639.000000
141000 -640.000000
141100 -639.000000
141200 -639.000000
141300 -633.000000
141400 -640.000000
141500 -639.000000
141600 -633.000000
141700 -631.000000
141800 -637.000000
141900 -639.000000
142000 -635.000000
142100 -639.000000
142200 -638.000000
142300 -638.000000
142400 -634.000000
142500 -640.000000
142600 -638.000000
142700 -636.000000
142800 -629.000000
142900 -634.000000
143000 -634.000000
143100 -631.000000
143200 -634.000000
143300 -631.000000
143400 -632.000000
143500 -636.000000
143600 -640.000000
143700 -638.000000
143800 -639.000000
143900 -638.000000
144000 -634.000000
144100 -628.000000
144200 -634.000000
144300 -639.000000
144400 -635.000000
144500 -633.000000
144600 -631.000000
144700 -635.000000
144800 -625.000000
144900 -637.000000
145000 -635.000000
145100 -638.000000
145200 -639.000000
145300 -639.000000
145400 -639.000000
145500 -640.000000
145600 -637.000000
145700 -639.000000
145800 -634.000000
145900 -634.000000
146000 -638.000000
146100 -631.000000
146200 -632.000000
146300 -631.000000
146400 -640.000000
146500 -639.000000
146600 -640.000000
146700 -639.000000
146800 -640.000000
146900 -637.000000
147000 -639.000000
147100 -639.000000
147200 -639.000000
147300 -639.000000
147400 -640.000000
147500 -640.000000
147600 -638.000000
147700 -638.000000
147800 -639.000000
147900 -639.000000
148000 -639.000000
148100 -639.000000
148200 -639.000000
148300 -637.000000
148400 -632.000000
148500 -639.000000
148600 -637.000000
148700 -638.000000
148800 -639.000000
148900 -639.000000
149000 -639.000000
149100 -639.000000
149200 -639.000000
149300 -637.000000
149400 -638.000000
149500 -638.000000
149600 -638.000000
149700 -640.000000
149800 -639.000000
149900 -639.000000
150000 -638.000000
150100 -636.000000
150200 -639.000000
150300 -638.000000
150400 -638.000000
150500 -638.000000
150600 -638.000000
150700 -639.000000
150800 -637.000000
150900 -638.000000
151000 -639.000000
151100 -638.000000
151200 -638.000000
151300 -635.000000
151400 -638.000000
151500 -639.000000
151600 -639.000000
151700 -638.000000
151800 -638.000000
151900 -629.000000
152000 -637.000000
152100 -638.000000
152200 -636.000000
152300 -636.000000
152400 -638.000000
152500 -631.000000
152600 -629.000000
152700 -639.000000
152800 -637.000000
152900 -638.000000
153000 -633.000000
153100 -639.000000
153200 -638.000000
153300 -634.000000
153400 -635.000000
153500 -634.000000
153600 -632.000000
153700 -634.000000
153800 -627.000000
153900 -632.000000
154000 -638.000000
154100 -635.000000
154200 -637.000000
154300 -634.000000
154400 -632.000000
154500 -632.000000
154600 -636.000000
154700 -632.000000
154800 -630.000000
154900 -635.000000
155000 -633.000000
155100 -638.000000
155200 -631.000000
155300 -632.000000
155400 -638.000000
155500 -638.000000
155600 -633.000000
155700 -636.000000
155800 -634.000000
155900 -634.000000
156000 -638.000000
156100 -639.000000
156200 -638.000000
156300 -638.000000
156400 -640.000000
156500 -639.000000
156600 -639.000000
156700 -639.000000
156800 -638.000000
156900 -633.000000
157000 -639.000000
157100 -639.000000
157200 -637.000000
157300 -635.000000
157400 -639.000000
157500 -636.000000
157600 -639.000000
157700 -638.000000
157800 -639.000000
157900 -640.000000
158000 -639.000000
158100 -636.000000
158200 -633.000000
158300 -637.000000
158400 -639.000000
158500 -640.000000
158600 -639.000000
158700 -634.000000
158800 -639.000000
158900 -634.000000
159000 -640.000000
159100 -640.000000
159200 -637.000000
159300 -636.000000
159400 -638.000000
159500 -629.000000
159600 -640.000000
159700 -639.000000
159800 -634.000000
159900 -639.000000
160000 -638.000000
160100 -628.000000
160200 -639.000000
160300 -637.000000
160400 -635.000000
160500 -638.000000
160600 -638.000000
160700 -633.000000
160800 -636.000000
160900 -633.000000
161000 -637.000000
161100 -638.000000
161200 -638.000000
161300 -634.000000
161400 -635.000000
161500 -633.000000
161600 -639.000000
161700 -631.000000
161800 -639.000000
161900 -636.000000
162000 -639.000000
162100 -637.000000
162200 -635.000000
162300 -636.000000
162400 -634.000000
162500 -632.000000
162600 -635.000000
162700 -635.000000
162800 -638.000000
162900 -630.000000
163000 -633.000000
163100 -631.000000
163200 -628.000000
163300 -631.000000
163400 -629.000000
163500 -637.000000
163600 -631.000000
163700 -638.000000
163800 -633.000000
163900 -630.000000
164000 -638.000000
164100 -638.000000
164200 -639.000000
164300 -637.000000
164400 -637.000000
164500 -638.000000
164600 -639.000000
164700 -639.000000
164800 -640.000000
164900 -636.000000
165000 -639.000000
165100 -636.000000
165200 -639.000000
165300 -640.000000
165400 -636.000000
165500 -636.000000
165600 -638.000000
165700 -639.000000
165800 -639.000000
165900 -639.000000
166000 -635.000000
166100 -638.000000
166200 -639.000000
166300 -632.000000
166400 -639.000000
166500 -637.000000
166600 -637.000000
166700 -631.000000
166800 -637.000000
166900 -632.000000
167000 -640.000000
167100 -636.000000
167200 -636.000000
167300 -635.000000
167400 -639.000000
167500 -633.000000
167600 -639.000000
167700 -637.000000
167800 -636.000000
167900 -638.000000
168000 -638.000000
168100 -637.000000
168200 -636.000000
168300 -635.000000
168400 -631.000000
168500 -635.000000
168600 -627.000000
168700 -635.000000
168800 -638.000000
168900 -635.000000
169000 -638.000000
169100 -637.000000
169200 -633.000000
169300 -630.000000
169400 -634.000000
169500 -633.000000
169600 -637.000000
169700 -634.000000
169800 -629.000000
169900 -637.000000
170000 -632.000000
170100 -637.000000
170200 -631.000000
170300 -623.000000
170400 -633.000000
170500 -637.000000
170600 -633.000000
170700 -634.000000
170800 -632.000000
170900 -636.000000
171000 -636.000000
171100 -639.000000
171200 -638.000000
171300 -626.000000
171400 -628.000000
171500 -633.000000
171600 -633.000000
171700 -633.000000
171800 -635.000000
171900 -638.000000
172000 -639.000000
172100 -638.000000
172200 -636.000000
172300 -640.000000
172400 -626.000000
172500 -638.000000
172600 -633.000000
172700 -639.000000
172800 -632.000000
172900 -636.000000
173000 -640.000000
173100 -639.000000
173200 -638.000000
173300 -640.000000
173400 -635.000000
173500 -640.000000
173600 -639.000000
173700 -640.000000
173800 -639.000000
173900 -640.000000
174000 -640.000000
174100 -640.000000
174200 -640.000000
174300 -637.000000
174400 -637.000000
174500 -637.000000
174600 -637.000000
174700 -632.000000
174800 -638.000000
174900 -638.000000
175000 -640.000000
175100 -632.000000
175200 -639.000000
175300 -637.000000
175400 -637.000000
175500 -640.000000
175600 -639.000000
175700 -639.000000
175800 -635.000000
175900 -640.000000
176000 -639.000000
176100 -639.000000
176200 -636.000000
176300 -636.000000
176400 -638.000000
176500 -635.000000
176600 -640.000000
176700 -636.000000
176800 -637.000000
176900 -634.000000
177000 -639.000000
177100 -636.000000
177200 -634.000000
177300 -635.000000
177400 -636.000000
177500 -637.000000
177600 -638.000000
177700 -636.000000
177800 -629.000000
177900 -638.000000
178000 -635.000000
178100 -636.000000
178200 -637.000000
178300 -630.000000
178400 -636.000000
178500 -637.000000
178600 -640.000000
178700 -638.000000
178800 -633.000000
178900 -638.000000
179000 -635.000000
179100 -637.000000
179200 -636.000000
179300 -638.000000
179400 -640.000000
179500 -637.000000
179600 -638.000000
179700 -637.000000
179800 -640.000000
179900 -635.000000
180000 -639.000000
180100 -639.000000
180200 -637.000000
180300 -639.000000
180400 -640.000000
180500 -633.000000
180600 -636.000000
180700 -633.000000
180800 -640.000000
180900 -637.000000
181000 -640.000000
181100 -638.000000
181200 -640.000000
181300 -639.000000
181400 -634.000000
181500 -639.000000
181600 -639.000000
181700 -640.000000
181800 -639.000000
181900 -640.000000
182000 -634.000000
182100 -637.000000
182200 -636.000000
182300 -633.000000
182400 -633.000000
182500 -639.000000
182600 -636.000000
182700 -639.000000
182800 -640.000000
182900 -640.000000
183000 -638.000000
183100 -640.000000
183200 -634.000000
183300 -640.000000
183400 -640.000000
183500 -636.000000
183600 -640.000000
183700 -635.000000
183800 -639.000000
183900 -640.000000
184000 -640.000000
184100 -640.000000
184200 -640.000000
184300 -639.000000
184400 -639.000000
184500 -640.000000
184600 -640.000000
184700 -640.000000
184800 -640.000000
184900 -639.000000
185000 -639.000000
185100 -640.000000
185200 -640.000000
185300 -639.000000
185400 -640.000000
185500 -640.000000
185600 -640.000000
185700 -640.000000
185800 -639.000000
185900 -639.000000
186000 -640.000000
186100 -640.000000
186200 -639.000000
186300 -639.000000
186400 -639.000000
186500 -639.000000
186600 -639.000000
186700 -638.000000
186800 -639.000000
186900 -639.000000
187000 -639.000000
187100 -637.000000
187200 -640.000000
187300 -639.000000
187400 -640.000000
187500 -640.000000
187600 -639.000000
187700 -640.000000
187800 -640.000000
187900 -640.000000
188000 -640.000000
188100 -639.000000
188200 -639.000000
188300 -640.000000
188400 -640.000000
188500 -638.000000
188600 -640.000000
188700 -639.000000
188800 -639.000000
188900 -638.000000
189000 -640.000000
189100 -640.000000
189200 -639.000000
189300 -638.000000
189400 -639.000000
189500 -639.000000
189600 -638.000000
189700 -640.000000
189800 -639.000000
189900 -639.000000
190000 -637.000000
190100 -640.000000
190200 -640.000000
190300 -640.000000
190400 -638.000000
190500 -638.000000
190600 -640.000000
190700 -639.000000
190800 -639.000000
190900 -638.000000
191000 -639.000000
191100 -630.000000
191200 -627.000000
191300 -640.000000
191400 -639.000000
191500 -639.000000
191600 -640.000000
191700 -635.000000
191800 -640.000000
191900 -637.000000
192000 -639.000000
192100 -638.000000
192200 -633.000000
192300 -638.000000
192400 -639.000000
192500 -638.000000
192600 -638.000000
192700 -638.000000
192800 -637.000000
192900 -640.000000
193000 -638.000000
193100 -640.000000
193200 -637.000000
193300 -636.000000
193400 -638.000000
193500 -639.000000
193600 -639.000000
193700 -638.000000
193800 -640.000000
193900 -638.000000
194000 -639.000000
194100 -640.000000
194200 -638.000000
194300 -640.000000
194400 -640.000000
194500 -640.000000
194600 -640.000000
194700 -638.000000
194800 -637.000000
194900 -637.000000
195000 -638.000000
195100 -637.000000
195200 -635.000000
195300 -635.000000
195400 -638.000000
195500 -626.000000
195600 -631.000000
195700 -638.000000
195800 -631.000000
195900 -638.000000
196000 -636.000000
196100 -633.000000
196200 -635.000000
196300 -638.000000
196400 -638.000000
196500 -639.000000
196600 -639.000000
196700 -639.000000
196800 -638.000000
196900 -640.000000
197000 -639.000000
197100 -637.000000
197200 -636.000000
197300 -635.000000
197400 -637.000000
197500 -636.000000
197600 -639.000000
197700 -638.000000
197800 -640.000000
197900 -639.000000
198000 -638.000000
198100 -640.000000
198200 -639.000000
198300 -640.000000
198400 -636.000000
198500 -638.000000
198600 -638.000000
198700 -639.000000
198800 -638.000000
198900 -640.000000
199000 -640.000000
199100 -638.000000
199200 -639.000000
199300 -640.000000
199400 -640.000000
199500 -640.000000
199600 -639.000000
199700 -640.000000
199800 -640.000000
199900 -639.000000
