0 -1023.000000
100 -896.000000
200 -832.000000
300 -800.000000
400 -800.000000
500 -800.000000
600 -800.000000
700 -800.000000
800 -800.000000
900 -800.000000
1000 -800.000000
1100 -800.000000
1200 -800.000000
1300 -800.000000
1400 -800.000000
1500 -800.000000
1600 -800.000000
1700 -800.000000
1800 -800.000000
1900 -800.000000
2000 -800.000000
2100 -800.000000
2200 -800.000000
2300 -800.000000
2400 -800.000000
2500 -800.000000
2600 -800.000000
2700 -800.000000
2800 -798.000000
2900 -800.000000
3000 -800.000000
3100 -800.000000
3200 -800.000000
3300 -800.000000
3400 -800.000000
3500 -800.000000
3600 -800.000000
3700 -800.000000
3800 -800.000000
3900 -800.000000
4000 -800.000000
4100 -800.000000
4200 -800.000000
4300 -800.000000
4400 -800.000000
4500 -800.000000
4600 -800.000000
4700 -800.000000
4800 -800.000000
4900 -800.000000
5000 -800.000000
5100 -800.000000
5200 -800.000000
5300 -800.000000
5400 -800.000000
5500 -800.000000
5600 -800.000000
5700 -787.000000
5800 -782.000000
5900 -764.000000
6000 -767.000000
6100 -780.000000
6200 -772.000000
6300 -762.000000
6400 -764.000000
6500 -775.000000
6600 -782.000000
6700 -774.000000
6800 -774.000000
6900 -777.000000
7000 -777.000000
7100 -770.000000
7200 -774.000000
7300 -769.000000
7400 -776.000000
7500 -771.000000
7600 -764.000000
7700 -764.000000
7800 -775.000000
7900 -763.000000
8000 -772.000000
8100 -765.000000
8200 -768.000000
8300 -772.000000
8400 -771.000000
8500 -771.000000
8600 -769.000000
8700 -770.000000
8800 -767.000000
8900 -772.000000
9000 -768.000000
9100 -767.000000
9200 -771.000000
9300 -769.000000
9400 -773.000000
9500 -767.000000
9600 -768.000000
9700 -767.000000
9800 -768.000000
9900 -768.000000
10000 -768.000000
10100 -768.000000
10200 -768.000000
10300 -768.000000
10400 -767.000000
10500 -768.000000
10600 -764.000000
10700 -763.000000
10800 -768.000000
10900 -768.000000
11000 -767.000000
11100 -766.000000
11200 -767.000000
11300 -761.000000
11400 -768.000000
11500 -763.000000
11600 -762.000000
11700 -765.000000
11800 -768.000000
11900 -758.000000
12000 -742.000000
12100 -745.000000
12200 -734.000000
12300 -742.000000
12400 -731.000000
12500 -732.000000
12600 -736.000000
12700 -741.000000
12800 -744.000000
12900 -740.000000
13000 -739.000000
13100 -734.000000
13200 -734.000000
13300 -742.000000
13400 -746.000000
13500 -741.000000
13600 -734.000000
13700 -744.000000
13800 -734.000000
13900 -744.000000
14000 -728.000000
14100 -744.000000
14200 -734.000000
14300 -736.000000
14400 -748.000000
14500 -727.000000
14600 -730.000000
14700 -730.000000
14800 -741.000000
14900 -745.000000
15000 -732.000000
15100 -740.000000
15200 -733.000000
15300 -733.000000
15400 -731.000000
15500 -743.000000
15600 -743.000000
15700 -736.000000
15800 -730.000000
15900 -733.000000
16000 -735.000000
16100 -726.000000
16200 -735.000000
16300 -739.000000
16400 -730.000000
16500 -739.000000
16600 -726.000000
16700 -742.000000
16800 -732.000000
16900 -741.000000
17000 -735.000000
17100 -739.000000
17200 -734.000000
17300 -738.000000
17400 -739.000000
17500 -734.000000
17600 -745.000000
17700 -737.000000
17800 -736.000000
17900 -742.000000
18000 -729.000000
18100 -736.000000
18200 -732.000000
18300 -733.000000
18400 -733.000000
18500 -736.000000
18600 -730.000000
18700 -729.000000
18800 -732.000000
18900 -735.000000
19000 -734.000000
19100 -736.000000
19200 -733.000000
19300 -733.000000
19400 -736.000000
19500 -735.000000
19600 -735.000000
19700 -733.000000
19800 -733.000000
19900 -736.000000
20000 -735.000000
20100 -735.000000
20200 -736.000000
20300 -736.000000
20400 -735.000000
20500 -736.000000
20600 -736.000000
20700 -736.000000
20800 -736.000000
20900 -736.000000
21000 -735.000000
21100 -735.000000
21200 -727.000000
21300 -727.000000
21400 -727.000000
21500 -726.000000
21600 -728.000000
21700 -730.000000
21800 -704.000000
21900 -704.000000
22000 -701.000000
22100 -686.000000
22200 -703.000000
22300 -695.000000
22400 -704.000000
22500 -700.000000
22600 -695.000000
22700 -704.000000
22800 -704.000000
22900 -698.000000
23000 -699.000000
23100 -685.000000
23200 -704.000000
23300 -687.000000
23400 -703.000000
23500 -693.000000
23600 -704.000000
23700 -699.000000
23800 -691.000000
23900 -704.000000
24000 -695.000000
24100 -704.000000
24200 -704.000000
24300 -697.000000
24400 -699.000000
24500 -700.000000
24600 -700.000000
24700 -684.000000
24800 -683.000000
24900 -670.000000
25000 -673.000000
25100 -667.000000
25200 -679.000000
25300 -676.000000
25400 -691.000000
25500 -678.000000
25600 -671.000000
25700 -684.000000
25800 -661.000000
25900 -682.000000
26000 -673.000000
26100 -671.000000
26200 -679.000000
26300 -678.000000
26400 -682.000000
26500 -668.000000
26600 -680.000000
26700 -680.000000
26800 -668.000000
26900 -681.000000
27000 -675.000000
27100 -669.000000
27200 -680.000000
27300 -664.000000
27400 -668.000000
27500 -667.000000
27600 -659.000000
27700 -671.000000
27800 -669.000000
27900 -661.000000
28000 -666.000000
28100 -673.000000
28200 -671.000000
28300 -672.000000
28400 -667.000000
28500 -673.000000
28600 -669.000000
28700 -658.000000
28800 -667.000000
28900 -660.000000
29000 -669.000000
29100 -671.000000
29200 -664.000000
29300 -667.000000
29400 -667.000000
29500 -669.000000
29600 -672.000000
29700 -679.000000
29800 -675.000000
29900 -668.000000
30000 -674.000000
30100 -670.000000
30200 -667.000000
30300 -668.000000
30400 -667.000000
30500 -674.000000
30600 -671.000000
30700 -675.000000
30800 -663.000000
30900 -667.000000
31000 -674.000000
31100 -666.000000
31200 -664.000000
31300 -670.000000
31400 -667.000000
31500 -665.000000
31600 -664.000000
31700 -658.000000
31800 -669.000000
31900 -662.000000
32000 -675.000000
32100 -667.000000
32200 -664.000000
32300 -656.000000
32400 -669.000000
32500 -662.000000
32600 -661.000000
32700 -666.000000
32800 -662.000000
32900 -675.000000
33000 -666.000000
33100 -662.000000
33200 -658.000000
33300 -665.000000
33400 -665.000000
33500 -657.000000
33600 -650.000000
33700 -658.000000
33800 -666.000000
33900 -661.000000
34000 -661.000000
34100 -662.000000
34200 -661.000000
34300 -663.000000
34400 -647.000000
34500 -660.000000
34600 -662.000000
34700 -659.000000
34800 -660.000000
34900 -667.000000
35000 -667.000000
35100 -654.000000
35200 -666.000000
35300 -655.000000
35400 -653.000000
35500 -667.000000
35600 -652.000000
35700 -665.000000
35800 -659.000000
35900 -666.000000
36000 -653.000000
36100 -641.000000
36200 -665.000000
36300 -666.000000
36400 -645.000000
36500 -663.000000
36600 -656.000000
36700 -664.000000
36800 -664.000000
36900 -659.000000
37000 -662.000000
37100 -661.000000
37200 -666.000000
37300 -664.000000
37400 -662.000000
37500 -660.000000
37600 -647.000000
37700 -659.000000
37800 -669.000000
37900 -639.000000
38000 -639.000000
38100 -641.000000
38200 -640.000000
38300 -640.000000
38400 -639.000000
38500 -639.000000
38600 -639.000000
38700 -638.000000
38800 -636.000000
38900 -639.000000
39000 -639.000000
39100 -639.000000
39200 -638.000000
39300 -638.000000
39400 -641.000000
39500 -638.000000
39600 -640.000000
39700 -640.000000
39800 -638.000000
39900 -638.000000
40000 -640.000000
40100 -639.000000
40200 -637.000000
40300 -641.000000
40400 -637.000000
40500 -640.000000
40600 -640.000000
40700 -639.000000
40800 -640.000000
40900 -640.000000
41000 -640.000000
41100 -639.000000
41200 -639.000000
41300 -640.000000
41400 -635.000000
41500 -640.000000
41600 -639.000000
41700 -640.000000
41800 -638.000000
41900 -640.000000
42000 -641.000000
42100 -638.000000
42200 -639.000000
42300 -640.000000
42400 -639.000000
42500 -639.000000
42600 -638.000000
42700 -640.000000
42800 -639.000000
42900 -638.000000
43000 -639.000000
43100 -640.000000
43200 -639.000000
43300 -638.000000
43400 -638.000000
43500 -640.000000
43600 -640.000000
43700 -639.000000
43800 -638.000000
43900 -640.000000
44000 -639.000000
44100 -639.000000
44200 -638.000000
44300 -637.000000
44400 -638.000000
44500 -638.000000
44600 -639.000000
44700 -640.000000
44800 -638.000000
44900 -640.000000
45000 -639.000000
45100 -638.000000
45200 -639.000000
45300 -639.000000
45400 -637.000000
45500 -638.000000
45600 -639.000000
45700 -639.000000
45800 -639.000000
45900 -640.000000
46000 -638.000000
46100 -640.000000
46200 -639.000000
46300 -639.000000
46400 -640.000000
46500 -638.000000
46600 -639.000000
46700 -620.000000
46800 -635.000000
46900 -635.000000
47000 -638.000000
47100 -637.000000
47200 -635.000000
47300 -639.000000
47400 -640.000000
47500 -638.000000
47600 -634.000000
47700 -634.000000
47800 -638.000000
47900 -637.000000
48000 -628.000000
48100 -633.000000
48200 -639.000000
48300 -639.000000
48400 -638.000000
48500 -640.000000
48600 -635.000000
48700 -632.000000
48800 -633.000000
48900 -637.000000
49000 -638.000000
49100 -634.000000
49200 -634.000000
49300 -639.000000
49400 -638.000000
49500 -635.000000
49600 -636.000000
49700 -638.000000
49800 -637.000000
49900 -635.000000
50000 -634.000000
50100 -630.000000
50200 -629.000000
50300 -630.000000
50400 -632.000000
50500 -634.000000
50600 -634.000000
50700 -637.000000
50800 -636.000000
50900 -637.000000
51000 -632.000000
51100 -638.000000
51200 -636.000000
51300 -624.000000
51400 -633.000000
51500 -636.000000
51600 -633.000000
51700 -638.000000
51800 -635.000000
51900 -638.000000
52000 -638.000000
52100 -639.000000
52200 -631.000000
52300 -639.000000
52400 -633.000000
52500 -634.000000
52600 -634.000000
52700 -628.000000
52800 -636.000000
52900 -637.000000
53000 -634.000000
53100 -639.000000
53200 -636.000000
53300 -636.000000
53400 -636.000000
53500 -639.000000
53600 -628.000000
53700 -637.000000
53800 -635.000000
53900 -638.000000
54000 -636.000000
54100 -632.000000
54200 -636.000000
54300 -632.000000
54400 -637.000000
54500 -634.000000
54600 -632.000000
54700 -636.000000
54800 -639.000000
54900 -636.000000
55000 -636.000000
55100 -628.000000
55200 -638.000000
55300 -633.000000
55400 -638.000000
55500 -629.000000
55600 -633.000000
55700 -636.000000
55800 -633.000000
55900 -636.000000
56000 -633.000000
56100 -636.000000
56200 -632.000000
56300 -636.000000
56400 -638.000000
56500 -637.000000
56600 -627.000000
56700 -637.000000
56800 -635.000000
56900 -628.000000
57000 -637.000000
57100 -638.000000
57200 -633.000000
57300 -625.000000
57400 -635.000000
57500 -633.000000
57600 -631.000000
57700 -632.000000
57800 -632.000000
57900 -634.000000
58000 -636.000000
58100 -631.000000
58200 -635.000000
58300 -635.000000
58400 -636.000000
58500 -632.000000
58600 -633.000000
58700 -636.000000
58800 -637.000000
58900 -631.000000
59000 -628.000000
59100 -629.000000
59200 -636.000000
59300 -637.000000
59400 -634.000000
59500 -635.000000
59600 -636.000000
59700 -637.000000
59800 -636.000000
59900 -632.000000
60000 -634.000000
60100 -636.000000
60200 -637.000000
60300 -635.000000
60400 -633.000000
60500 -630.000000
60600 -635.000000
60700 -634.000000
60800 -631.000000
60900 -634.000000
61000 -636.000000
61100 -628.000000
61200 -631.000000
61300 -634.000000
61400 -621.000000
61500 -630.000000
61600 -635.000000
61700 -635.000000
61800 -632.000000
61900 -631.000000
62000 -635.000000
62100 -629.000000
62200 -627.000000
62300 -637.000000
62400 -632.000000
62500 -632.000000
62600 -637.000000
62700 -635.000000
62800 -637.000000
62900 -632.000000
63000 -632.000000
63100 -633.000000
63200 -634.000000
63300 -629.000000
63400 -630.000000
63500 -633.000000
63600 -624.000000
63700 -629.000000
63800 -625.000000
63900 -633.000000
64000 -633.000000
64100 -633.000000
64200 -633.000000
64300 -638.000000
64400 -633.000000
64500 -634.000000
64600 -636.000000
64700 -633.000000
64800 -619.000000
64900 -619.000000
65000 -625.000000
65100 -627.000000
65200 -619.000000
65300 -620.000000
65400 -623.000000
65500 -624.000000
65600 -622.000000
65700 -628.000000
65800 -618.000000
65900 -618.000000
66000 -623.000000
66100 -625.000000
66200 -626.000000
66300 -623.000000
66400 -625.000000
66500 -628.000000
66600 -612.000000
66700 -622.000000
66800 -621.000000
66900 -624.000000
67000 -624.000000
67100 -629.000000
67200 -627.000000
67300 -627.000000
67400 -625.000000
67500 -621.000000
67600 -619.000000
67700 -619.000000
67800 -613.000000
67900 -601.000000
68000 -622.000000
68100 -632.000000
68200 -634.000000
68300 -632.000000
68400 -626.000000
68500 -623.000000
68600 -617.000000
68700 -622.000000
68800 -634.000000
68900 -614.000000
69000 -633.000000
69100 -622.000000
69200 -618.000000
69300 -619.000000
69400 -607.000000
69500 -625.000000
69600 -621.000000
69700 -616.000000
69800 -622.000000
69900 -604.000000
70000 -614.000000
70100 -618.000000
70200 -624.000000
70300 -632.000000
70400 -618.000000
70500 -605.000000
70600 -626.000000
70700 -630.000000
70800 -622.000000
70900 -628.000000
71000 -611.000000
71100 -614.000000
71200 -621.000000
71300 -611.000000
71400 -604.000000
71500 -618.000000
71600 -617.000000
71700 -615.000000
71800 -611.000000
71900 -620.000000
72000 -616.000000
72100 -605.000000
72200 -612.000000
72300 -615.000000
72400 -611.000000
72500 -610.000000
72600 -616.000000
72700 -630.000000
72800 -627.000000
72900 -616.000000
73000 -615.000000
73100 -602.000000
73200 -622.000000
73300 -610.000000
73400 -593.000000
73500 -608.000000
73600 -609.000000
73700 -608.000000
73800 -608.000000
73900 -610.000000
74000 -609.000000
74100 -608.000000
74200 -608.000000
74300 -608.000000
74400 -608.000000
74500 -609.000000
74600 -608.000000
74700 -610.000000
74800 -609.000000
74900 -609.000000
75000 -611.000000
75100 -609.000000
75200 -609.000000
75300 -609.000000
75400 -609.000000
75500 -609.000000
75600 -612.000000
75700 -606.000000
75800 -613.000000
75900 -611.000000
76000 -610.000000
76100 -609.000000
76200 -605.000000
76300 -608.000000
76400 -607.000000
76500 -609.000000
76600 -608.000000
76700 -608.000000
76800 -609.000000
76900 -608.000000
77000 -609.000000
77100 -611.000000
77200 -606.000000
77300 -609.000000
77400 -608.000000
77500 -609.000000
77600 -610.000000
77700 -609.000000
77800 -609.000000
77900 -609.000000
78000 -608.000000
78100 -608.000000
78200 -609.000000
78300 -608.000000
78400 -609.000000
78500 -606.000000
78600 -607.000000
78700 -608.000000
78800 -608.000000
78900 -608.000000
79000 -610.000000
79100 -609.000000
79200 -607.000000
79300 -607.000000
79400 -610.000000
79500 -609.000000
79600 -609.000000
79700 -609.000000
79800 -607.000000
79900 -608.000000
80000 -607.000000
80100 -610.000000
80200 -610.000000
80300 -609.000000
80400 -609.000000
80500 -610.000000
80600 -607.000000
80700 -609.000000
80800 -610.000000
80900 -607.000000
81000 -609.000000
81100 -606.000000
81200 -606.000000
81300 -606.000000
81400 -608.000000
81500 -609.000000
81600 -608.000000
81700 -609.000000
81800 -608.000000
81900 -609.000000
82000 -607.000000
82100 -607.000000
82200 -609.000000
82300 -608.000000
82400 -610.000000
82500 -610.000000
82600 -607.000000
82700 -609.000000
82800 -608.000000
82900 -607.000000
83000 -608.000000
83100 -608.000000
83200 -607.000000
83300 -606.000000
83400 -610.000000
83500 -607.000000
83600 -609.000000
83700 -607.000000
83800 -608.000000
83900 -609.000000
84000 -608.000000
84100 -608.000000
84200 -608.000000
84300 -608.000000
84400 -610.000000
84500 -608.000000
84600 -610.000000
84700 -608.000000
84800 -609.000000
84900 -607.000000
85000 -609.000000
85100 -609.000000
85200 -609.000000
85300 -608.000000
85400 -607.000000
85500 -607.000000
85600 -609.000000
85700 -607.000000
85800 -608.000000
85900 -608.000000
86000 -607.000000
86100 -607.000000
86200 -608.000000
86300 -608.000000
86400 -608.000000
86500 -608.000000
86600 -607.000000
86700 -608.000000
86800 -609.000000
86900 -609.000000
87000 -608.000000
87100 -608.000000
87200 -608.000000
87300 -606.000000
87400 -608.000000
87500 -608.000000
87600 -608.000000
87700 -607.000000
87800 -605.000000
87900 -607.000000
88000 -606.000000
88100 -609.000000
88200 -608.000000
88300 -608.000000
88400 -608.000000
88500 -608.000000
88600 -607.000000
88700 -607.000000
88800 -608.000000
88900 -608.000000
89000 -608.000000
89100 -608.000000
89200 -607.000000
89300 -606.000000
89400 -607.000000
89500 -607.000000
89600 -609.000000
89700 -608.000000
89800 -607.000000
89900 -607.000000
90000 -608.000000
90100 -610.000000
90200 -607.000000
90300 -608.000000
90400 -608.000000
90500 -607.000000
90600 -608.000000
90700 -610.000000
90800 -607.000000
90900 -607.000000
91000 -608.000000
91100 -609.000000
91200 -609.000000
91300 -608.000000
91400 -608.000000
91500 -607.000000
91600 -608.000000
91700 -608.000000
91800 -607.000000
91900 -608.000000
92000 -609.000000
92100 -608.000000
92200 -608.000000
92300 -609.000000
92400 -608.000000
92500 -596.000000
92600 -599.000000
92700 -594.000000
92800 -593.000000
92900 -594.000000
93000 -606.000000
93100 -606.000000
93200 -608.000000
93300 -608.000000
93400 -606.000000
93500 -606.000000
93600 -608.000000
93700 -607.000000
93800 -607.000000
93900 -606.000000
94000 -607.000000
94100 -607.000000
94200 -606.000000
94300 -608.000000
94400 -608.000000
94500 -609.000000
94600 -607.000000
94700 -608.000000
94800 -604.000000
94900 -607.000000
95000 -608.000000
95100 -608.000000
95200 -604.000000
95300 -599.000000
95400 -607.000000
95500 -605.000000
95600 -605.000000
95700 -606.000000
95800 -609.000000
95900 -601.000000
96000 -608.000000
96100 -603.000000
96200 -607.000000
96300 -608.000000
96400 -606.000000
96500 -607.000000
96600 -608.000000
96700 -608.000000
96800 -607.000000
96900 -608.000000
97000 -608.000000
97100 -607.000000
97200 -607.000000
97300 -606.000000
97400 -609.000000
97500 -608.000000
97600 -607.000000
97700 -608.000000
97800 -606.000000
97900 -605.000000
98000 -608.000000
98100 -607.000000
98200 -609.000000
98300 -607.000000
98400 -608.000000
98500 -607.000000
98600 -605.000000
98700 -606.000000
98800 -607.000000
98900 -607.000000
99000 -605.000000
99100 -608.000000
99200 -607.000000
99300 -606.000000
99400 -606.000000
99500 -607.000000
99600 -607.000000
99700 -607.000000
99800 -607.000000
99900 -607.000000
100000 -607.000000
100100 -602.000000
100200 -604.000000
100300 -608.000000
100400 -600.000000
100500 -607.000000
100600 -608.000000
100700 -606.000000
100800 -608.000000
100900 -607.000000
101000 -605.000000
101100 -608.000000
101200 -607.000000
101300 -608.000000
101400 -606.000000
101500 -607.000000
101600 -604.000000
101700 -606.000000
101800 -606.000000
101900 -606.000000
102000 -607.000000
102100 -606.000000
102200 -607.000000
102300 -605.000000
102400 -602.000000
102500 -606.000000
102600 -605.000000
102700 -607.000000
102800 -603.000000
102900 -609.000000
103000 -605.000000
103100 -597.000000
103200 -606.000000
103300 -609.000000
103400 -605.000000
103500 -608.000000
103600 -605.000000
103700 -608.000000
103800 -604.000000
103900 -606.000000
104000 -608.000000
104100 -607.000000
104200 -608.000000
104300 -605.000000
104400 -608.000000
104500 -607.000000
104600 -603.000000
104700 -603.000000
104800 -607.000000
104900 -608.000000
105000 -607.000000
105100 -607.000000
105200 -608.000000
105300 -607.000000
105400 -609.000000
105500 -606.000000
105600 -607.000000
105700 -608.000000
105800 -607.000000
105900 -607.000000
106000 -604.000000
106100 -605.000000
106200 -607.000000
106300 -607.000000
106400 -606.000000
106500 -607.000000
106600 -606.000000
106700 -602.000000
106800 -607.000000
106900 -606.000000
107000 -607.000000
107100 -602.000000
107200 -607.000000
107300 -608.000000
107400 -605.000000
107500 -607.000000
107600 -598.000000
107700 -607.000000
107800 -602.000000
107900 -607.000000
108000 -597.000000
108100 -607.000000
108200 -606.000000
108300 -608.000000
108400 -608.000000
108500 -604.000000
108600 -608.000000
108700 -607.000000
108800 -607.000000
108900 -598.000000
109000 -602.000000
109100 -602.000000
109200 -606.000000
109300 -607.000000
109400 -607.000000
109500 -606.000000
109600 -607.000000
109700 -605.000000
109800 -606.000000
109900 -607.000000
110000 -602.000000
110100 -607.000000
110200 -605.000000
110300 -606.000000
110400 -607.000000
110500 -607.000000
110600 -605.000000
110700 -607.000000
110800 -607.000000
110900 -606.000000
111000 -608.000000
111100 -606.000000
111200 -607.000000
111300 -606.000000
111400 -607.000000
111500 -606.000000
111600 -608.000000
111700 -607.000000
111800 -603.000000
111900 -607.000000
112000 -606.000000
112100 -608.000000
112200 -605.000000
112300 -606.000000
112400 -605.000000
112500 -607.000000
112600 -606.000000
112700 -604.000000
112800 -607.000000
112900 -600.000000
113000 -609.000000
113100 -603.000000
113200 -607.000000
113300 -604.000000
113400 -607.000000
113500 -607.000000
113600 -604.000000
113700 -608.000000
113800 -602.000000
113900 -607.000000
114000 -606.000000
114100 -607.000000
114200 -608.000000
114300 -608.000000
114400 -606.000000
114500 -601.000000
114600 -607.000000
114700 -606.000000
114800 -607.000000
114900 -607.000000
115000 -608.000000
115100 -607.000000
115200 -606.000000
115300 -606.000000
115400 -607.000000
115500 -603.000000
115600 -604.000000
115700 -607.000000
115800 -607.000000
115900 -607.000000
116000 -607.000000
116100 -605.000000
116200 -607.000000
116300 -604.000000
116400 -607.000000
116500 -607.000000
116600 -606.000000
116700 -606.000000
116800 -605.000000
116900 -605.000000
117000 -606.000000
117100 -604.000000
117200 -607.000000
117300 -607.000000
117400 -587.000000
117500 -607.000000
117600 -608.000000
117700 -601.000000
117800 -606.000000
117900 -608.000000
118000 -607.000000
118100 -600.000000
118200 -600.000000
118300 -607.000000
118400 -608.000000
118500 -608.000000
118600 -607.000000
118700 -608.000000
118800 -578.000000
118900 -608.000000
119000 -607.000000
119100 -607.000000
119200 -607.000000
119300 -606.000000
119400 -606.000000
119500 -607.000000
119600 -607.000000
119700 -607.000000
119800 -605.000000
119900 -607.000000
120000 -608.000000
120100 -607.000000
120200 -606.000000
120300 -606.000000
120400 -576.000000
120500 -576.000000
120600 -576.000000
120700 -576.000000
120800 -576.000000
120900 -576.000000
121000 -576.000000
121100 -576.000000
121200 -576.000000
121300 -576.000000
121400 -576.000000
121500 -576.000000
121600 -576.000000
121700 -575.000000
121800 -576.000000
121900 -576.000000
122000 -576.000000
122100 -576.000000
122200 -576.000000
122300 -575.000000
122400 -575.000000
122500 -577.000000
122600 -575.000000
122700 -576.000000
122800 -577.000000
122900 -574.000000
123000 -581.000000
123100 -577.000000
123200 -573.000000
123300 -575.000000
123400 -572.000000
123500 -573.000000
123600 -575.000000
123700 -576.000000
123800 -574.000000
123900 -572.000000
124000 -576.000000
124100 -576.000000
124200 -573.000000
124300 -576.000000
124400 -576.000000
124500 -575.000000
124600 -575.000000
124700 -576.000000
124800 -575.000000
124900 -574.000000
125000 -575.000000
125100 -575.000000
125200 -575.000000
125300 -575.000000
125400 -573.000000
125500 -576.000000
125600 -573.000000
125700 -576.000000
125800 -576.000000
125900 -574.000000
126000 -576.000000
126100 -577.000000
126200 -574.000000
126300 -576.000000
126400 -568.000000
126500 -574.000000
126600 -574.000000
126700 -575.000000
126800 -559.000000
126900 -575.000000
127000 -569.000000
127100 -573.000000
127200 -566.000000
127300 -575.000000
127400 -576.000000
127500 -574.000000
127600 -576.000000
127700 -566.000000
127800 -575.000000
127900 -572.000000
128000 -573.000000
128100 -573.000000
128200 -573.000000
128300 -555.000000
128400 -564.000000
128500 -562.000000
128600 -554.000000
128700 -563.000000
128800 -561.000000
128900 -512.000000
129000 -512.000000
129100 -512.000000
129200 -512.000000
129300 -512.000000
129400 -512.000000
129500 -512.000000
129600 -512.000000
129700 -512.000000
129800 -512.000000
129900 -512.000000
130000 -512.000000
130100 -512.000000
130200 -512.000000
130300 -512.000000
130400 -512.000000
130500 -512.000000
130600 -509.000000
130700 -512.000000
130800 -512.000000
130900 -512.000000
131000 -512.000000
131100 -512.000000
131200 -512.000000
131300 -512.000000
131400 -513.000000
131500 -512.000000
131600 -512.000000
131700 -512.000000
131800 -512.000000
131900 -512.000000
132000 -510.000000
132100 -512.000000
132200 -512.000000
132300 -512.000000
132400 -512.000000
132500 -512.000000
132600 -512.000000
132700 -511.000000
132800 -512.000000
132900 -510.000000
133000 -512.000000
133100 -512.000000
133200 -512.000000
133300 -512.000000
133400 -512.000000
133500 -512.000000
133600 -511.000000
133700 -512.000000
133800 -512.000000
133900 -512.000000
134000 -512.000000
134100 -512.000000
134200 -511.000000
134300 -512.000000
134400 -512.000000
134500 -512.000000
134600 -512.000000
134700 -512.000000
134800 -511.000000
134900 -512.000000
135000 -512.000000
135100 -511.000000
135200 -512.000000
135300 -512.000000
135400 -511.000000
135500 -512.000000
135600 -512.000000
135700 -512.000000
135800 -512.000000
135900 -512.000000
136000 -512.000000
136100 -512.000000
136200 -512.000000
136300 -512.000000
136400 -512.000000
136500 -512.000000
136600 -512.000000
136700 -512.000000
136800 -512.000000
136900 -512.000000
137000 -512.000000
137100 -511.000000
137200 -512.000000
137300 -512.000000
137400 -512.000000
137500 -512.000000
137600 -512.000000
137700 -512.000000
137800 -512.000000
137900 -512.000000
138000 -512.000000
138100 -512.000000
138200 -512.000000
138300 -512.000000
138400 -512.000000
138500 -512.000000
138600 -512.000000
138700 -512.000000
138800 -511.000000
138900 -512.000000
139000 -512.000000
139100 -512.000000
139200 -512.000000
139300 -512.000000
139400 -512.000000
139500 -512.000000
139600 -512.000000
139700 -512.000000
139800 -511.000000
139900 -512.000000
140000 -512.000000
140100 -512.000000
140200 -511.000000
140300 -512.000000
140400 -512.000000
140500 -511.000000
140600 -512.000000
140700 -512.000000
140800 -511.000000
140900 -512.000000
141000 -512.000000
141100 -513.000000
141200 -510.000000
141300 -512.000000
141400 -512.000000
141500 -510.000000
141600 -512.000000
141700 -512.000000
141800 -511.000000
141900 -512.000000
142000 -512.000000
142100 -512.000000
142200 -512.000000
142300 -512.000000
142400 -512.000000
142500 -512.000000
142600 -512.000000
142700 -512.000000
142800 -512.000000
142900 -512.000000
143000 -512.000000
143100 -512.000000
143200 -512.000000
143300 -512.000000
143400 -512.000000
143500 -512.000000
143600 -512.000000
143700 -512.000000
143800 -512.000000
143900 -512.000000
144000 -512.000000
144100 -512.000000
144200 -512.000000
144300 -512.000000
144400 -512.000000
144500 -512.000000
144600 -512.000000
144700 -512.000000
144800 -512.000000
144900 -512.000000
145000 -512.000000
145100 -512.000000
145200 -512.000000
145300 -511.000000
145400 -512.000000
145500 -512.000000
145600 -512.000000
145700 -512.000000
145800 -512.000000
145900 -512.000000
146000 -512.000000
146100 -512.000000
146200 -512.000000
146300 -512.000000
146400 -512.000000
146500 -512.000000
146600 -512.000000
146700 -511.000000
146800 -512.000000
146900 -511.000000
147000 -512.000000
147100 -512.000000
147200 -511.000000
147300 -508.000000
147400 -513.000000
147500 -512.000000
147600 -512.000000
147700 -504.000000
147800 -498.000000
147900 -508.000000
148000 -503.000000
148100 -505.000000
148200 -508.000000
148300 -507.000000
148400 -507.000000
148500 -502.000000
148600 -504.000000
148700 -501.000000
148800 -502.000000
148900 -505.000000
149000 -504.000000
149100 -508.000000
149200 -506.000000
149300 -506.000000
149400 -506.000000
149500 -504.000000
149600 -505.000000
149700 -504.000000
149800 -506.000000
149900 -506.000000
150000 -505.000000
150100 -507.000000
150200 -500.000000
150300 -499.000000
150400 -501.000000
150500 -498.000000
150600 -498.000000
150700 -493.000000
150800 -500.000000
150900 -492.000000
151000 -499.000000
151100 -500.000000
151200 -492.000000
151300 -486.000000
151400 -482.000000
151500 -484.000000
151600 -480.000000
151700 -483.000000
151800 -484.000000
151900 -482.000000
152000 -485.000000
152100 -487.000000
152200 -483.000000
152300 -485.000000
152400 -489.000000
152500 -487.000000
152600 -482.000000
152700 -483.000000
152800 -485.000000
152900 -483.000000
153000 -484.000000
153100 -484.000000
153200 -488.000000
153300 -486.000000
153400 -481.000000
153500 -484.000000
153600 -488.000000
153700 -481.000000
153800 -482.000000
153900 -484.000000
154000 -482.000000
154100 -485.000000
154200 -484.000000
154300 -484.000000
154400 -481.000000
154500 -486.000000
154600 -483.000000
154700 -485.000000
154800 -489.000000
154900 -482.000000
155000 -485.000000
155100 -484.000000
155200 -486.000000
155300 -486.000000
155400 -485.000000
155500 -483.000000
155600 -482.000000
155700 -480.000000
155800 -480.000000
155900 -480.000000
156000 -480.000000
156100 -480.000000
156200 -480.000000
156300 -480.000000
156400 -480.000000
156500 -480.000000
156600 -480.000000
156700 -480.000000
156800 -480.000000
156900 -480.000000
157000 -480.000000
157100 -480.000000
157200 -480.000000
157300 -480.000000
157400 -480.000000
157500 -479.000000
157600 -481.000000
157700 -480.000000
157800 -480.000000
157900 -480.000000
158000 -480.000000
158100 -480.000000
158200 -480.000000
158300 -480.000000
158400 -480.000000
158500 -480.000000
158600 -480.000000
158700 -480.000000
158800 -480.000000
158900 -480.000000
159000 -476.000000
159100 -480.000000
159200 -480.000000
159300 -480.000000
159400 -480.000000
159500 -480.000000
159600 -480.000000
159700 -480.000000
159800 -480.000000
159900 -480.000000
160000 -480.000000
160100 -480.000000
160200 -480.000000
160300 -480.000000
160400 -480.000000
160500 -480.000000
160600 -480.000000
160700 -480.000000
160800 -480.000000
160900 -480.000000
161000 -478.000000
161100 -480.000000
161200 -480.000000
161300 -480.000000
161400 -480.000000
161500 -480.000000
161600 -480.000000
161700 -480.000000
161800 -481.000000
161900 -480.000000
162000 -480.000000
162100 -480.000000
162200 -481.000000
162300 -480.000000
162400 -480.000000
162500 -480.000000
162600 -481.000000
162700 -481.000000
162800 -480.000000
162900 -480.000000
163000 -481.000000
163100 -480.000000
163200 -480.000000
163300 -480.000000
163400 -480.000000
163500 -480.000000
163600 -480.000000
163700 -480.000000
163800 -480.000000
163900 -480.000000
164000 -480.000000
164100 -480.000000
164200 -480.000000
164300 -480.000000
164400 -473.000000
164500 -477.000000
164600 -480.000000
164700 -451.000000
164800 -446.000000
164900 -439.000000
165000 -417.000000
165100 -416.000000
165200 -417.000000
165300 -416.000000
165400 -416.000000
165500 -416.000000
165600 -416.000000
165700 -416.000000
165800 -418.000000
165900 -416.000000
166000 -415.000000
166100 -415.000000
166200 -416.000000
166300 -417.000000
166400 -416.000000
166500 -417.000000
166600 -416.000000
166700 -416.000000
166800 -416.000000
166900 -417.000000
167000 -415.000000
167100 -417.000000
167200 -419.000000
167300 -416.000000
167400 -418.000000
167500 -416.000000
167600 -417.000000
167700 -417.000000
167800 -416.000000
167900 -416.000000
168000 -417.000000
168100 -417.000000
168200 -416.000000
168300 -416.000000
168400 -416.000000
168500 -416.000000
168600 -416.000000
168700 -416.000000
168800 -416.000000
168900 -416.000000
169000 -416.000000
169100 -415.000000
169200 -415.000000
169300 -416.000000
169400 -413.000000
169500 -416.000000
169600 -416.000000
169700 -417.000000
169800 -415.000000
169900 -416.000000
170000 -416.000000
170100 -414.000000
170200 -415.000000
170300 -416.000000
170400 -416.000000
170500 -416.000000
170600 -416.000000
170700 -416.000000
170800 -416.000000
170900 -412.000000
171000 -412.000000
171100 -415.000000
171200 -415.000000
171300 -418.000000
171400 -416.000000
171500 -415.000000
171600 -416.000000
171700 -417.000000
171800 -416.000000
171900 -416.000000
172000 -416.000000
172100 -417.000000
172200 -416.000000
172300 -416.000000
172400 -416.000000
172500 -416.000000
172600 -416.000000
172700 -416.000000
172800 -416.000000
172900 -416.000000
173000 -416.000000
173100 -416.000000
173200 -416.000000
173300 -416.000000
173400 -416.000000
173500 -416.000000
173600 -416.000000
173700 -416.000000
173800 -416.000000
173900 -416.000000
174000 -416.000000
174100 -416.000000
174200 -416.000000
174300 -415.000000
174400 -416.000000
174500 -416.000000
174600 -417.000000
174700 -416.000000
174800 -416.000000
174900 -416.000000
175000 -416.000000
175100 -416.000000
175200 -416.000000
175300 -416.000000
175400 -416.000000
175500 -416.000000
175600 -415.000000
175700 -416.000000
175800 -416.000000
175900 -416.000000
176000 -416.000000
176100 -416.000000
176200 -416.000000
176300 -415.000000
176400 -416.000000
176500 -416.000000
176600 -416.000000
176700 -416.000000
176800 -416.000000
176900 -416.000000
177000 -416.000000
177100 -416.000000
177200 -416.000000
177300 -416.000000
177400 -416.000000
177500 -416.000000
177600 -417.000000
177700 -416.000000
177800 -416.000000
177900 -415.000000
178000 -416.000000
178100 -416.000000
178200 -416.000000
178300 -414.000000
178400 -416.000000
178500 -416.000000
178600 -416.000000
178700 -416.000000
178800 -416.000000
178900 -416.000000
179000 -416.000000
179100 -416.000000
179200 -416.000000
179300 -416.000000
179400 -416.000000
179500 -416.000000
179600 -414.000000
179700 -416.000000
179800 -416.000000
179900 -415.000000
180000 -416.000000
180100 -416.000000
180200 -416.000000
180300 -415.000000
180400 -416.000000
180500 -416.000000
180600 -416.000000
180700 -416.000000
180800 -416.000000
180900 -417.000000
181000 -416.000000
181100 -416.000000
181200 -417.000000
181300 -416.000000
181400 -416.000000
181500 -417.000000
181600 -416.000000
181700 -416.000000
181800 -416.000000
181900 -416.000000
182000 -416.000000
182100 -416.000000
182200 -416.000000
182300 -416.000000
182400 -416.000000
182500 -416.000000
182600 -415.000000
182700 -416.000000
182800 -416.000000
182900 -417.000000
183000 -416.000000
183100 -416.000000
183200 -416.000000
183300 -417.000000
183400 -416.000000
183500 -417.000000
183600 -416.000000
183700 -416.000000
183800 -416.000000
183900 -416.000000
184000 -414.000000
184100 -415.000000
184200 -416.000000
184300 -416.000000
184400 -416.000000
184500 -417.000000
184600 -415.000000
184700 -415.000000
184800 -416.000000
184900 -417.000000
185000 -416.000000
185100 -415.000000
185200 -417.000000
185300 -415.000000
185400 -415.000000
185500 -414.000000
185600 -416.000000
185700 -416.000000
185800 -415.000000
185900 -416.000000
186000 -415.000000
186100 -416.000000
186200 -416.000000
186300 -416.000000
186400 -416.000000
186500 -416.000000
186600 -415.000000
186700 -415.000000
186800 -416.000000
186900 -416.000000
187000 -416.000000
187100 -416.000000
187200 -416.000000
187300 -416.000000
187400 -416.000000
187500 -416.000000
187600 -416.000000
187700 -416.000000
187800 -416.000000
187900 -416.000000
188000 -416.000000
188100 -416.000000
188200 -416.000000
188300 -416.000000
188400 -415.000000
188500 -416.000000
188600 -416.000000
188700 -416.000000
188800 -416.000000
188900 -416.000000
189000 -415.000000
189100 -416.000000
189200 -416.000000
189300 -416.000000
189400 -416.000000
189500 -416.000000
189600 -416.000000
189700 -416.000000
189800 -416.000000
189900 -415.000000
190000 -416.000000
190100 -416.000000
190200 -416.000000
190300 -411.000000
190400 -416.000000
190500 -416.000000
190600 -416.000000
190700 -416.000000
190800 -416.000000
190900 -416.000000
191000 -416.000000
191100 -416.000000
191200 -416.000000
191300 -416.000000
191400 -416.000000
191500 -416.000000
191600 -416.000000
191700 -415.000000
191800 -416.000000
191900 -416.000000
192000 -415.000000
192100 -416.000000
192200 -416.000000
192300 -415.000000
192400 -416.000000
192500 -416.000000
192600 -415.000000
192700 -416.000000
192800 -416.000000
192900 -416.000000
193000 -416.000000
193100 -416.000000
193200 -416.000000
193300 -416.000000
193400 -416.000000
193500 -416.000000
193600 -416.000000
193700 -416.000000
193800 -416.000000
193900 -416.000000
194000 -416.000000
194100 -416.000000
194200 -416.000000
194300 -416.000000
194400 -416.000000
194500 -416.000000
194600 -416.000000
194700 -416.000000
194800 -416.000000
194900 -416.000000
195000 -416.000000
195100 -413.000000
195200 -416.000000
195300 -416.000000
195400 -416.000000
195500 -415.000000
195600 -416.000000
195700 -416.000000
195800 -415.000000
195900 -416.000000
196000 -416.000000
196100 -415.000000
196200 -416.000000
196300 -416.000000
196400 -416.000000
196500 -416.000000
196600 -416.000000
196700 -416.000000
196800 -416.000000
196900 -416.000000
197000 -416.000000
197100 -416.000000
197200 -416.000000
197300 -416.000000
197400 -416.000000
197500 -416.000000
197600 -416.000000
197700 -414.000000
197800 -416.000000
197900 -416.000000
198000 -416.000000
198100 -415.000000
198200 -415.000000
198300 -416.000000
198400 -416.000000
198500 -416.000000
198600 -416.000000
198700 -416.000000
198800 -416.000000
198900 -416.000000
199000 -416.000000
199100 -416.000000
199200 -416.000000
199300 -415.000000
199400 -416.000000
199500 -416.000000
199600 -416.000000
199700 -415.000000
199800 -416.000000
199900 -416.000000
