0 -1005.000000
100 -896.000000
200 -896.000000
300 -896.000000
400 -896.000000
500 -896.000000
600 -832.000000
700 -832.000000
800 -832.000000
900 -832.000000
1000 -832.000000
1100 -832.000000
1200 -832.000000
1300 -832.000000
1400 -832.000000
1500 -832.000000
1600 -832.000000
1700 -832.000000
1800 -832.000000
1900 -832.000000
2000 -832.000000
2100 -832.000000
2200 -832.000000
2300 -832.000000
2400 -832.000000
2500 -815.000000
2600 -832.000000
2700 -814.000000
2800 -827.000000
2900 -803.000000
3000 -793.000000
3100 -790.000000
3200 -771.000000
3300 -775.000000
3400 -766.000000
3500 -766.000000
3600 -776.000000
3700 -772.000000
3800 -773.000000
3900 -783.000000
4000 -767.000000
4100 -776.000000
4200 -775.000000
4300 -767.000000
4400 -772.000000
4500 -772.000000
4600 -779.000000
4700 -769.000000
4800 -775.000000
4900 -771.000000
5000 -766.000000
5100 -769.000000
5200 -769.000000
5300 -773.000000
5400 -776.000000
5500 -773.000000
5600 -770.000000
5700 -773.000000
5800 -776.000000
5900 -774.000000
6000 -773.000000
6100 -772.000000
6200 -772.000000
6300 -770.000000
6400 -766.000000
6500 -772.000000
6600 -765.000000
6700 -768.000000
6800 -770.000000
6900 -774.000000
7000 -769.000000
7100 -778.000000
7200 -769.000000
7300 -770.000000
7400 -778.000000
7500 -772.000000
7600 -770.000000
7700 -759.000000
7800 -775.000000
7900 -776.000000
8000 -771.000000
8100 -770.000000
8200 -772.000000
8300 -770.000000
8400 -769.000000
8500 -765.000000
8600 -770.000000
8700 -772.000000
8800 -767.000000
8900 -768.000000
9000 -765.000000
9100 -770.000000
9200 -768.000000
9300 -766.000000
9400 -768.000000
9500 -767.000000
9600 -767.000000
9700 -768.000000
9800 -765.000000
9900 -769.000000
10000 -771.000000
10100 -769.000000
10200 -769.000000
10300 -771.000000
10400 -765.000000
10500 -769.000000
10600 -768.000000
10700 -767.000000
10800 -769.000000
10900 -766.000000
11000 -767.000000
11100 -768.000000
11200 -767.000000
11300 -767.000000
11400 -761.000000
11500 -769.000000
11600 -768.000000
11700 -763.000000
11800 -767.000000
11900 -767.000000
12000 -767.000000
12100 -767.000000
12200 -733.000000
12300 -742.000000
12400 -746.000000
12500 -766.000000
12600 -742.000000
12700 -745.000000
12800 -722.000000
12900 -756.000000
13000 -741.000000
13100 -755.000000
13200 -744.000000
13300 -739.000000
13400 -738.000000
13500 -760.000000
13600 -743.000000
13700 -747.000000
13800 -744.000000
13900 -732.000000
14000 -738.000000
14100 -739.000000
14200 -743.000000
14300 -720.000000
14400 -752.000000
14500 -739.000000
14600 -735.000000
14700 -733.000000
14800 -739.000000
14900 -735.000000
15000 -732.000000
15100 -725.000000
15200 -744.000000
15300 -736.000000
15400 -734.000000
15500 -730.000000
15600 -735.000000
15700 -710.000000
15800 -734.000000
15900 -733.000000
16000 -737.000000
16100 -718.000000
16200 -729.000000
16300 -714.000000
16400 -727.000000
16500 -733.000000
16600 -724.000000
16700 -737.000000
16800 -740.000000
16900 -742.000000
17000 -738.000000
17100 -741.000000
17200 -737.000000
17300 -719.000000
17400 -702.000000
17500 -721.000000
17600 -716.000000
17700 -736.000000
17800 -708.000000
17900 -702.000000
18000 -735.000000
18100 -722.000000
18200 -727.000000
18300 -723.000000
18400 -729.000000
18500 -723.000000
18600 -712.000000
18700 -726.000000
18800 -723.000000
18900 -737.000000
19000 -727.000000
19100 -729.000000
19200 -730.000000
19300 -710.000000
19400 -731.000000
19500 -728.000000
19600 -732.000000
19700 -735.000000
19800 -696.000000
19900 -702.000000
20000 -707.000000
20100 -720.000000
20200 -720.000000
20300 -698.000000
20400 -727.000000
20500 -706.000000
20600 -707.000000
20700 -705.000000
20800 -707.000000
20900 -700.000000
21000 -700.000000
21100 -704.000000
21200 -705.000000
21300 -708.000000
21400 -700.000000
21500 -704.000000
21600 -678.000000
21700 -699.000000
21800 -704.000000
21900 -691.000000
22000 -692.000000
22100 -681.000000
22200 -689.000000
22300 -700.000000
22400 -704.000000
22500 -704.000000
22600 -695.000000
22700 -704.000000
22800 -704.000000
22900 -702.000000
23000 -702.000000
23100 -697.000000
23200 -692.000000
23300 -704.000000
23400 -684.000000
23500 -697.000000
23600 -704.000000
23700 -703.000000
23800 -697.000000
23900 -684.000000
24000 -703.000000
24100 -699.000000
24200 -680.000000
24300 -695.000000
24400 -682.000000
24500 -704.000000
24600 -700.000000
24700 -703.000000
24800 -692.000000
24900 -699.000000
25000 -704.000000
25100 -686.000000
25200 -701.000000
25300 -704.000000
25400 -704.000000
25500 -684.000000
25600 -704.000000
25700 -700.000000
25800 -699.000000
25900 -694.000000
26000 -693.000000
26100 -704.000000
26200 -703.000000
26300 -702.000000
26400 -698.000000
26500 -697.000000
26600 -704.000000
26700 -704.000000
26800 -704.000000
26900 -704.000000
27000 -704.000000
27100 -704.000000
27200 -704.000000
27300 -704.000000
27400 -704.000000
27500 -704.000000
27600 -703.000000
27700 -704.000000
27800 -704.000000
27900 -704.000000
28000 -704.000000
28100 -697.000000
28200 -702.000000
28300 -692.000000
28400 -694.000000
28500 -704.000000
28600 -704.000000
28700 -704.000000
28800 -704.000000
28900 -704.000000
29000 -698.000000
29100 -704.000000
29200 -703.000000
29300 -704.000000
29400 -704.000000
29500 -704.000000
29600 -704.000000
29700 -695.000000
29800 -704.000000
29900 -704.000000
30000 -699.000000
30100 -698.000000
30200 -701.000000
30300 -702.000000
30400 -699.000000
30500 -704.000000
30600 -701.000000
30700 -699.000000
30800 -703.000000
30900 -686.000000
31000 -697.000000
31100 -694.000000
31200 -694.000000
31300 -702.000000
31400 -678.000000
31500 -702.000000
31600 -682.000000
31700 -689.000000
31800 -700.000000
31900 -693.000000
32000 -703.000000
32100 -694.000000
32200 -703.000000
32300 -693.000000
32400 -696.000000
32500 -700.000000
32600 -696.000000
32700 -698.000000
32800 -689.000000
32900 -694.000000
33000 -697.000000
33100 -697.000000
33200 -681.000000
33300 -692.000000
33400 -688.000000
33500 -701.000000
33600 -694.000000
33700 -690.000000
33800 -694.000000
33900 -688.000000
34000 -699.000000
34100 -683.000000
34200 -693.000000
34300 -703.000000
34400 -683.000000
34500 -686.000000
34600 -686.000000
34700 -701.000000
34800 -692.000000
34900 -691.000000
35000 -687.000000
35100 -692.000000
35200 -691.000000
35300 -684.000000
35400 -688.000000
35500 -693.000000
35600 -691.000000
35700 -689.000000
35800 -681.000000
35900 -689.000000
36000 -683.000000
36100 -688.000000
36200 -688.000000
36300 -703.000000
36400 -696.000000
36500 -687.000000
36600 -698.000000
36700 -703.000000
36800 -701.000000
36900 -687.000000
37000 -697.000000
37100 -703.000000
37200 -701.000000
37300 -701.000000
37400 -704.000000
37500 -704.000000
37600 -704.000000
37700 -703.000000
37800 -704.000000
37900 -704.000000
38000 -704.000000
38100 -704.000000
38200 -704.000000
38300 -704.000000
38400 -702.000000
38500 -702.000000
38600 -702.000000
38700 -692.000000
38800 -702.000000
38900 -703.000000
39000 -703.000000
39100 -704.000000
39200 -697.000000
39300 -703.000000
39400 -703.000000
39500 -704.000000
39600 -704.000000
39700 -704.000000
39800 -700.000000
39900 -697.000000
40000 -695.000000
40100 -702.000000
40200 -704.000000
40300 -704.000000
40400 -703.000000
40500 -703.000000
40600 -704.000000
40700 -701.000000
40800 -692.000000
40900 -704.000000
41000 -691.000000
41100 -697.000000
41200 -703.000000
41300 -704.000000
41400 -703.000000
41500 -704.000000
41600 -696.000000
41700 -702.000000
41800 -701.000000
41900 -702.000000
42000 -693.000000
42100 -703.000000
42200 -694.000000
42300 -702.000000
42400 -701.000000
42500 -703.000000
42600 -704.000000
42700 -692.000000
42800 -698.000000
42900 -699.000000
43000 -700.000000
43100 -704.000000
43200 -683.000000
43300 -695.000000
43400 -689.000000
43500 -704.000000
43600 -685.000000
43700 -695.000000
43800 -703.000000
43900 -699.000000
44000 -701.000000
44100 -696.000000
44200 -697.000000
44300 -676.000000
44400 -678.000000
44500 -703.000000
44600 -692.000000
44700 -697.000000
44800 -698.000000
44900 -697.000000
45000 -686.000000
45100 -695.000000
45200 -682.000000
45300 -698.000000
45400 -695.000000
45500 -691.000000
45600 -691.000000
45700 -695.000000
45800 -693.000000
45900 -694.000000
46000 -699.000000
46100 -691.000000
46200 -701.000000
46300 -690.000000
46400 -696.000000
46500 -698.000000
46600 -695.000000
46700 -680.000000
46800 -695.000000
46900 -698.000000
47000 -697.000000
47100 -703.000000
47200 -704.000000
47300 -685.000000
47400 -671.000000
47500 -686.000000
47600 -693.000000
47700 -681.000000
47800 -689.000000
47900 -677.000000
48000 -704.000000
48100 -702.000000
48200 -689.000000
48300 -690.000000
48400 -684.000000
48500 -692.000000
48600 -690.000000
48700 -677.000000
48800 -692.000000
48900 -681.000000
49000 -689.000000
49100 -689.000000
49200 -687.000000
49300 -685.000000
49400 -680.000000
49500 -677.000000
49600 -690.000000
49700 -678.000000
49800 -675.000000
49900 -688.000000
50000 -691.000000
50100 -690.000000
50200 -673.000000
50300 -694.000000
50400 -696.000000
50500 -689.000000
50600 -694.000000
50700 -684.000000
50800 -697.000000
50900 -694.000000
51000 -694.000000
51100 -699.000000
51200 -697.000000
51300 -693.000000
51400 -694.000000
51500 -696.000000
51600 -698.000000
51700 -683.000000
51800 -694.000000
51900 -676.000000
52000 -699.000000
52100 -675.000000
52200 -697.000000
52300 -694.000000
52400 -686.000000
52500 -692.000000
52600 -699.000000
52700 -693.000000
52800 -697.000000
52900 -697.000000
53000 -697.000000
53100 -698.000000
53200 -683.000000
53300 -702.000000
53400 -694.000000
53500 -689.000000
53600 -680.000000
53700 -698.000000
53800 -688.000000
53900 -696.000000
54000 -688.000000
54100 -679.000000
54200 -695.000000
54300 -695.000000
54400 -691.000000
54500 -695.000000
54600 -695.000000
54700 -698.000000
54800 -700.000000
54900 -691.000000
55000 -704.000000
55100 -701.000000
55200 -697.000000
55300 -693.000000
55400 -696.000000
55500 -689.000000
55600 -688.000000
55700 -703.000000
55800 -687.000000
55900 -694.000000
56000 -687.000000
56100 -699.000000
56200 -688.000000
56300 -693.000000
56400 -703.000000
56500 -688.000000
56600 -703.000000
56700 -698.000000
56800 -701.000000
56900 -698.000000
57000 -698.000000
57100 -689.000000
57200 -690.000000
57300 -691.000000
57400 -676.000000
57500 -691.000000
57600 -702.000000
57700 -703.000000
57800 -697.000000
57900 -688.000000
58000 -703.000000
58100 -703.000000
58200 -703.000000
58300 -702.000000
58400 -696.000000
58500 -700.000000
58600 -698.000000
58700 -685.000000
58800 -699.000000
58900 -697.000000
59000 -700.000000
59100 -696.000000
59200 -699.000000
59300 -696.000000
59400 -700.000000
59500 -700.000000
59600 -688.000000
59700 -697.000000
59800 -701.000000
59900 -695.000000
60000 -696.000000
60100 -696.000000
60200 -698.000000
60300 -699.000000
60400 -686.000000
60500 -704.000000
60600 -695.000000
60700 -699.000000
60800 -680.000000
60900 -687.000000
61000 -698.000000
61100 -696.000000
61200 -691.000000
61300 -691.000000
61400 -692.000000
61500 -700.000000
61600 -693.000000
61700 -701.000000
61800 -693.000000
61900 -699.000000
62000 -690.000000
62100 -677.000000
62200 -703.000000
62300 -695.000000
62400 -698.000000
62500 -702.000000
62600 -703.000000
62700 -702.000000
62800 -702.000000
62900 -704.000000
63000 -704.000000
63100 -699.000000
63200 -696.000000
63300 -702.000000
63400 -702.000000
63500 -700.000000
63600 -695.000000
63700 -704.000000
63800 -703.000000
63900 -704.000000
64000 -692.000000
64100 -693.000000
64200 -698.000000
64300 -693.000000
64400 -694.000000
64500 -687.000000
64600 -688.000000
64700 -695.000000
64800 -694.000000
64900 -697.000000
65000 -682.000000
65100 -699.000000
65200 -676.000000
65300 -669.000000
65400 -694.000000
65500 -694.000000
65600 -704.000000
65700 -691.000000
65800 -690.000000
65900 -698.000000
66000 -685.000000
66100 -692.000000
66200 -689.000000
66300 -695.000000
66400 -702.000000
66500 -683.000000
66600 -704.000000
66700 -694.000000
66800 -701.000000
66900 -703.000000
67000 -704.000000
67100 -694.000000
67200 -697.000000
67300 -688.000000
67400 -699.000000
67500 -703.000000
67600 -691.000000
67700 -684.000000
67800 -693.000000
67900 -704.000000
68000 -703.000000
68100 -700.000000
68200 -695.000000
68300 -703.000000
68400 -702.000000
68500 -703.000000
68600 -704.000000
68700 -703.000000
68800 -702.000000
68900 -704.000000
69000 -691.000000
69100 -682.000000
69200 -687.000000
69300 -701.000000
69400 -699.000000
69500 -703.000000
69600 -697.000000
69700 -702.000000
69800 -704.000000
69900 -704.000000
70000 -700.000000
70100 -703.000000
70200 -692.000000
70300 -703.000000
70400 -703.000000
70500 -684.000000
70600 -696.000000
70700 -696.000000
70800 -685.000000
70900 -686.000000
71000 -704.000000
71100 -684.000000
71200 -690.000000
71300 -683.000000
71400 -673.000000
71500 -703.000000
71600 -703.000000
71700 -700.000000
71800 -692.000000
71900 -680.000000
72000 -694.000000
72100 -700.000000
72200 -697.000000
72300 -701.000000
72400 -689.000000
72500 -696.000000
72600 -686.000000
72700 -687.000000
72800 -698.000000
72900 -693.000000
73000 -687.000000
73100 -703.000000
73200 -700.000000
73300 -698.000000
73400 -688.000000
73500 -685.000000
73600 -704.000000
73700 -693.000000
73800 -687.000000
73900 -692.000000
74000 -687.000000
74100 -688.000000
74200 -700.000000
74300 -701.000000
74400 -698.000000
74500 -703.000000
74600 -702.000000
74700 -689.000000
74800 -698.000000
74900 -686.000000
75000 -692.000000
75100 -700.000000
75200 -688.000000
75300 -691.000000
75400 -703.000000
75500 -694.000000
75600 -698.000000
75700 -699.000000
75800 -688.000000
75900 -690.000000
76000 -688.000000
76100 -696.000000
76200 -694.000000
76300 -692.000000
76400 -695.000000
76500 -696.000000
76600 -699.000000
76700 -698.000000
76800 -698.000000
76900 -690.000000
77000 -691.000000
77100 -667.000000
77200 -686.000000
77300 -695.000000
77400 -689.000000
77500 -690.000000
77600 -685.000000
77700 -690.000000
77800 -680.000000
77900 -686.000000
78000 -684.000000
78100 -689.000000
78200 -690.000000
78300 -694.000000
78400 -685.000000
78500 -694.000000
78600 -692.000000
78700 -693.000000
78800 -698.000000
78900 -704.000000
79000 -689.000000
79100 -692.000000
79200 -699.000000
79300 -695.000000
79400 -693.000000
79500 -689.000000
79600 -690.000000
79700 -699.000000
79800 -685.000000
79900 -697.000000
80000 -672.000000
80100 -667.000000
80200 -696.000000
80300 -691.000000
80400 -680.000000
80500 -685.000000
80600 -697.000000
80700 -692.000000
80800 -697.000000
80900 -668.000000
81000 -688.000000
81100 -692.000000
81200 -689.000000
81300 -689.000000
81400 -681.000000
81500 -678.000000
81600 -689.000000
81700 -684.000000
81800 -682.000000
81900 -694.000000
82000 -695.000000
82100 -685.000000
82200 -693.000000
82300 -681.000000
82400 -695.000000
82500 -685.000000
82600 -692.000000
82700 -695.000000
82800 -698.000000
82900 -676.000000
83000 -696.000000
83100 -689.000000
83200 -688.000000
83300 -688.000000
83400 -695.000000
83500 -686.000000
83600 -685.000000
83700 -691.000000
83800 -687.000000
83900 -686.000000
84000 -685.000000
84100 -697.000000
84200 -700.000000
84300 -695.000000
84400 -699.000000
84500 -698.000000
84600 -687.000000
84700 -699.000000
84800 -696.000000
84900 -703.000000
85000 -695.000000
85100 -700.000000
85200 -696.000000
85300 -694.000000
85400 -696.000000
85500 -698.000000
85600 -697.000000
85700 -704.000000
85800 -698.000000
85900 -701.000000
86000 -699.000000
86100 -693.000000
86200 -697.000000
86300 -701.000000
86400 -700.000000
86500 -701.000000
86600 -703.000000
86700 -703.000000
86800 -698.000000
86900 -699.000000
87000 -686.000000
87100 -678.000000
87200 -689.000000
87300 -696.000000
87400 -703.000000
87500 -701.000000
87600 -704.000000
87700 -696.000000
87800 -686.000000
87900 -704.000000
88000 -676.000000
88100 -695.000000
88200 -688.000000
88300 -697.000000
88400 -699.000000
88500 -691.000000
88600 -698.000000
88700 -699.000000
88800 -688.000000
88900 -703.000000
89000 -691.000000
89100 -684.000000
89200 -688.000000
89300 -684.000000
89400 -682.000000
89500 -687.000000
89600 -696.000000
89700 -693.000000
89800 -702.000000
89900 -685.000000
90000 -686.000000
90100 -696.000000
90200 -681.000000
90300 -701.000000
90400 -691.000000
90500 -693.000000
90600 -697.000000
90700 -673.000000
90800 -688.000000
90900 -698.000000
91000 -693.000000
91100 -703.000000
91200 -703.000000
91300 -698.000000
91400 -688.000000
91500 -690.000000
91600 -697.000000
91700 -696.000000
91800 -690.000000
91900 -688.000000
92000 -688.000000
92100 -695.000000
92200 -698.000000
92300 -700.000000
92400 -687.000000
92500 -698.000000
92600 -695.000000
92700 -699.000000
92800 -688.000000
92900 -682.000000
93000 -693.000000
93100 -690.000000
93200 -679.000000
93300 -683.000000
93400 -672.000000
93500 -682.000000
93600 -697.000000
93700 -698.000000
93800 -688.000000
93900 -692.000000
94000 -688.000000
94100 -699.000000
94200 -688.000000
94300 -694.000000
94400 -692.000000
94500 -682.000000
94600 -702.000000
94700 -694.000000
94800 -690.000000
94900 -700.000000
95000 -688.000000
95100 -673.000000
95200 -700.000000
95300 -689.000000
95400 -698.000000
95500 -685.000000
95600 -691.000000
95700 -697.000000
95800 -688.000000
95900 -692.000000
96000 -700.000000
96100 -696.000000
96200 -696.000000
96300 -681.000000
96400 -698.000000
96500 -678.000000
96600 -696.000000
96700 -702.000000
96800 -697.000000
96900 -696.000000
97000 -689.000000
97100 -703.000000
97200 -702.000000
97300 -695.000000
97400 -688.000000
97500 -702.000000
97600 -698.000000
97700 -699.000000
97800 -698.000000
97900 -696.000000
98000 -699.000000
98100 -695.000000
98200 -698.000000
98300 -700.000000
98400 -699.000000
98500 -692.000000
98600 -698.000000
98700 -699.000000
98800 -699.000000
98900 -691.000000
99000 -687.000000
99100 -703.000000
99200 -698.000000
99300 -696.000000
99400 -695.000000
99500 -694.000000
99600 -695.000000
99700 -694.000000
99800 -701.000000
99900 -697.000000
100000 -695.000000
100100 -692.000000
100200 -693.000000
100300 -699.000000
100400 -696.000000
100500 -692.000000
100600 -690.000000
100700 -700.000000
100800 -700.000000
100900 -695.000000
101000 -693.000000
101100 -700.000000
101200 -677.000000
101300 -689.000000
101400 -700.000000
101500 -683.000000
101600 -689.000000
101700 -695.000000
101800 -698.000000
101900 -676.000000
102000 -688.000000
102100 -689.000000
102200 -686.000000
102300 -689.000000
102400 -691.000000
102500 -681.000000
102600 -683.000000
102700 -695.000000
102800 -692.000000
102900 -683.000000
103000 -678.000000
103100 -692.000000
103200 -683.000000
103300 -688.000000
103400 -698.000000
103500 -686.000000
103600 -690.000000
103700 -688.000000
103800 -693.000000
103900 -697.000000
104000 -690.000000
104100 -684.000000
104200 -688.000000
104300 -682.000000
104400 -688.000000
104500 -696.000000
104600 -691.000000
104700 -693.000000
104800 -692.000000
104900 -690.000000
105000 -686.000000
105100 -692.000000
105200 -693.000000
105300 -693.000000
105400 -694.000000
105500 -694.000000
105600 -685.000000
105700 -684.000000
105800 -673.000000
105900 -687.000000
106000 -697.000000
106100 -691.000000
106200 -689.000000
106300 -688.000000
106400 -688.000000
106500 -680.000000
106600 -681.000000
106700 -694.000000
106800 -695.000000
106900 -694.000000
107000 -691.000000
107100 -673.000000
107200 -688.000000
107300 -686.000000
107400 -691.000000
107500 -687.000000
107600 -684.000000
107700 -685.000000
107800 -699.000000
107900 -699.000000
108000 -686.000000
108100 -682.000000
108200 -693.000000
108300 -696.000000
108400 -695.000000
108500 -691.000000
108600 -694.000000
108700 -680.000000
108800 -693.000000
108900 -694.000000
109000 -693.000000
109100 -693.000000
109200 -692.000000
109300 -689.000000
109400 -693.000000
109500 -688.000000
109600 -682.000000
109700 -691.000000
109800 -691.000000
109900 -691.000000
110000 -688.000000
110100 -684.000000
110200 -697.000000
110300 -690.000000
110400 -685.000000
110500 -683.000000
110600 -696.000000
110700 -692.000000
110800 -679.000000
110900 -679.000000
111000 -695.000000
111100 -699.000000
111200 -698.000000
111300 -696.000000
111400 -692.000000
111500 -695.000000
111600 -698.000000
111700 -688.000000
111800 -691.000000
111900 -688.000000
112000 -683.000000
112100 -693.000000
112200 -696.000000
112300 -691.000000
112400 -696.000000
112500 -690.000000
112600 -685.000000
112700 -700.000000
112800 -694.000000
112900 -689.000000
113000 -696.000000
113100 -693.000000
113200 -690.000000
113300 -698.000000
113400 -697.000000
113500 -690.000000
113600 -699.000000
113700 -699.000000
113800 -701.000000
113900 -699.000000
114000 -693.000000
114100 -694.000000
114200 -691.000000
114300 -699.000000
114400 -697.000000
114500 -689.000000
114600 -691.000000
114700 -692.000000
114800 -686.000000
114900 -690.000000
115000 -697.000000
115100 -693.000000
115200 -694.000000
115300 -693.000000
115400 -703.000000
115500 -693.000000
115600 -694.000000
115700 -692.000000
115800 -702.000000
115900 -690.000000
116000 -692.000000
116100 -699.000000
116200 -702.000000
116300 -691.000000
116400 -694.000000
116500 -695.000000
116600 -697.000000
116700 -687.000000
116800 -698.000000
116900 -696.000000
117000 -693.000000
117100 -696.000000
117200 -691.000000
117300 -698.000000
117400 -681.000000
117500 -691.000000
117600 -695.000000
117700 -683.000000
117800 -687.000000
117900 -693.000000
118000 -690.000000
118100 -690.000000
118200 -688.000000
118300 -693.000000
118400 -692.000000
118500 -700.000000
118600 -689.000000
118700 -702.000000
118800 -689.000000
118900 -696.000000
119000 -699.000000
119100 -694.000000
119200 -679.000000
119300 -686.000000
119400 -690.000000
119500 -687.000000
119600 -698.000000
119700 -690.000000
119800 -692.000000
119900 -702.000000
120000 -691.000000
120100 -694.000000
120200 -699.000000
120300 -701.000000
120400 -700.000000
120500 -694.000000
120600 -698.000000
120700 -701.000000
120800 -701.000000
120900 -699.000000
121000 -701.000000
121100 -698.000000
121200 -704.000000
121300 -704.000000
121400 -699.000000
121500 -702.000000
121600 -700.000000
121700 -702.000000
121800 -700.000000
121900 -702.000000
122000 -702.000000
122100 -704.000000
122200 -704.000000
122300 -704.000000
122400 -698.000000
122500 -696.000000
122600 -701.000000
122700 -704.000000
122800 -702.000000
122900 -697.000000
123000 -691.000000
123100 -701.000000
123200 -693.000000
123300 -696.000000
123400 -687.000000
123500 -683.000000
123600 -702.000000
123700 -696.000000
123800 -699.000000
123900 -693.000000
124000 -678.000000
124100 -694.000000
124200 -690.000000
124300 -692.000000
124400 -694.000000
124500 -688.000000
124600 -676.000000
124700 -690.000000
124800 -687.000000
124900 -678.000000
125000 -692.000000
125100 -683.000000
125200 -684.000000
125300 -676.000000
125400 -689.000000
125500 -684.000000
125600 -691.000000
125700 -687.000000
125800 -682.000000
125900 -673.000000
126000 -694.000000
126100 -697.000000
126200 -691.000000
126300 -680.000000
126400 -687.000000
126500 -679.000000
126600 -672.000000
126700 -672.000000
126800 -672.000000
126900 -672.000000
127000 -672.000000
127100 -672.000000
127200 -672.000000
127300 -672.000000
127400 -672.000000
127500 -672.000000
127600 -672.000000
127700 -672.000000
127800 -672.000000
127900 -659.000000
128000 -651.000000
128100 -658.000000
128200 -651.000000
128300 -656.000000
128400 -653.000000
128500 -659.000000
128600 -651.000000
128700 -652.000000
128800 -642.000000
128900 -669.000000
129000 -651.000000
129100 -658.000000
129200 -650.000000
129300 -662.000000
129400 -647.000000
129500 -648.000000
129600 -656.000000
129700 -662.000000
129800 -661.000000
129900 -661.000000
130000 -647.000000
130100 -657.000000
130200 -644.000000
130300 -653.000000
130400 -672.000000
130500 -654.000000
130600 -652.000000
130700 -655.000000
130800 -654.000000
130900 -652.000000
131000 -658.000000
131100 -659.000000
131200 -655.000000
131300 -656.000000
131400 -642.000000
131500 -655.000000
131600 -660.000000
131700 -655.000000
131800 -653.000000
131900 -657.000000
132000 -652.000000
132100 -665.000000
132200 -660.000000
132300 -652.000000
132400 -654.000000
132500 -648.000000
132600 -656.000000
132700 -648.000000
132800 -640.000000
132900 -648.000000
133000 -653.000000
133100 -651.000000
133200 -650.000000
133300 -644.000000
133400 -645.000000
133500 -649.000000
133600 -646.000000
133700 -646.000000
133800 -644.000000
133900 -643.000000
134000 -648.000000
134100 -650.000000
134200 -636.000000
134300 -641.000000
134400 -646.000000
134500 -639.000000
134600 -641.000000
134700 -639.000000
134800 -640.000000
134900 -642.000000
135000 -639.000000
135100 -641.000000
135200 -639.000000
135300 -642.000000
135400 -642.000000
135500 -642.000000
135600 -641.000000
135700 -645.000000
135800 -638.000000
135900 -642.000000
136000 -638.000000
136100 -643.000000
136200 -639.000000
136300 -642.000000
136400 -642.000000
136500 -639.000000
136600 -637.000000
136700 -637.000000
136800 -643.000000
136900 -633.000000
137000 -646.000000
137100 -640.000000
137200 -643.000000
137300 -640.000000
137400 -639.000000
137500 -641.000000
137600 -643.000000
137700 -641.000000
137800 -629.000000
137900 -639.000000
138000 -639.000000
138100 -640.000000
138200 -630.000000
138300 -630.000000
138400 -632.000000
138500 -627.000000
138600 -624.000000
138700 -627.000000
138800 -625.000000
138900 -630.000000
139000 -639.000000
139100 -624.000000
139200 -640.000000
139300 -626.000000
139400 -630.000000
139500 -634.000000
139600 -640.000000
139700 -640.000000
139800 -628.000000
139900 -627.000000
140000 -630.000000
140100 -621.000000
140200 -623.000000
140300 -633.000000
140400 -625.000000
140500 -621.000000
140600 -623.000000
140700 -627.000000
140800 -622.000000
140900 -621.000000
141000 -618.000000
141100 -629.000000
141200 -615.000000
141300 -632.000000
141400 -623.000000
141500 -624.000000
141600 -628.000000
141700 -624.000000
141800 -628.000000
141900 -623.000000
142000 -619.000000
142100 -629.000000
142200 -628.000000
142300 -628.000000
142400 -630.000000
142500 -629.000000
142600 -628.000000
142700 -626.000000
142800 -632.000000
142900 -630.000000
143000 -625.000000
143100 -631.000000
143200 -629.000000
143300 -631.000000
143400 -626.000000
143500 -613.000000
143600 -623.000000
143700 -619.000000
143800 -622.000000
143900 -615.000000
144000 -624.000000
144100 -617.000000
144200 -618.000000
144300 -613.000000
144400 -617.000000
144500 -618.000000
144600 -614.000000
144700 -617.000000
144800 -622.000000
144900 -614.000000
145000 -620.000000
145100 -614.000000
145200 -615.000000
145300 -618.000000
145400 -618.000000
145500 -617.000000
145600 -616.000000
145700 -620.000000
145800 -620.000000
145900 -622.000000
146000 -615.000000
146100 -617.000000
146200 -616.000000
146300 -614.000000
146400 -619.000000
146500 -613.000000
146600 -616.000000
146700 -619.000000
146800 -614.000000
146900 -620.000000
147000 -618.000000
147100 -615.000000
147200 -617.000000
147300 -615.000000
147400 -620.000000
147500 -613.000000
147600 -619.000000
147700 -619.000000
147800 -615.000000
147900 -610.000000
148000 -617.000000
148100 -618.000000
148200 -615.000000
148300 -616.000000
148400 -618.000000
148500 -620.000000
148600 -618.000000
148700 -617.000000
148800 -615.000000
148900 -620.000000
149000 -620.000000
149100 -618.000000
149200 -619.000000
149300 -615.000000
149400 -620.000000
149500 -617.000000
149600 -618.000000
149700 -614.000000
149800 -607.000000
149900 -614.000000
150000 -611.000000
150100 -614.000000
150200 -616.000000
150300 -614.000000
150400 -617.000000
150500 -609.000000
150600 -611.000000
150700 -613.000000
150800 -615.000000
150900 -616.000000
151000 -616.000000
151100 -615.000000
151200 -619.000000
151300 -619.000000
151400 -613.000000
151500 -608.000000
151600 -617.000000
151700 -617.000000
151800 -615.000000
151900 -621.000000
152000 -617.000000
152100 -614.000000
152200 -618.000000
152300 -618.000000
152400 -615.000000
152500 -615.000000
152600 -611.000000
152700 -619.000000
152800 -620.000000
152900 -618.000000
153000 -617.000000
153100 -615.000000
153200 -611.000000
153300 -612.000000
153400 -612.000000
153500 -619.000000
153600 -619.000000
153700 -613.000000
153800 -618.000000
153900 -617.000000
154000 -614.000000
154100 -613.000000
154200 -619.000000
154300 -619.000000
154400 -615.000000
154500 -617.000000
154600 -615.000000
154700 -612.000000
154800 -615.000000
154900 -617.000000
155000 -616.000000
155100 -618.000000
155200 -620.000000
155300 -613.000000
155400 -618.000000
155500 -616.000000
155600 -612.000000
155700 -615.000000
155800 -613.000000
155900 -616.000000
156000 -617.000000
156100 -617.000000
156200 -614.000000
156300 -614.000000
156400 -611.000000
156500 -608.000000
156600 -616.000000
156700 -614.000000
156800 -616.000000
156900 -611.000000
157000 -610.000000
157100 -608.000000
157200 -613.000000
157300 -610.000000
157400 -613.000000
157500 -612.000000
157600 -608.000000
157700 -613.000000
157800 -614.000000
157900 -610.000000
158000 -612.000000
158100 -608.000000
158200 -608.000000
158300 -607.000000
158400 -608.000000
158500 -608.000000
158600 -607.000000
158700 -608.000000
158800 -609.000000
158900 -607.000000
159000 -608.000000
159100 -608.000000
159200 -604.000000
159300 -608.000000
159400 -608.000000
159500 -608.000000
159600 -608.000000
159700 -608.000000
159800 -608.000000
159900 -608.000000
160000 -608.000000
160100 -608.000000
160200 -608.000000
160300 -608.000000
160400 -608.000000
160500 -608.000000
160600 -608.000000
160700 -607.000000
160800 -608.000000
160900 -608.000000
161000 -608.000000
161100 -608.000000
161200 -608.000000
161300 -608.000000
161400 -607.000000
161500 -607.000000
161600 -608.000000
161700 -607.000000
161800 -608.000000
161900 -608.000000
162000 -608.000000
162100 -608.000000
162200 -608.000000
162300 -608.000000
162400 -608.000000
162500 -607.000000
162600 -608.000000
162700 -608.000000
162800 -608.000000
162900 -608.000000
163000 -608.000000
163100 -607.000000
163200 -607.000000
163300 -608.000000
163400 -607.000000
163500 -607.000000
163600 -606.000000
163700 -607.000000
163800 -608.000000
163900 -608.000000
164000 -608.000000
164100 -608.000000
164200 -608.000000
164300 -606.000000
164400 -608.000000
164500 -608.000000
164600 -608.000000
164700 -607.000000
164800 -608.000000
164900 -607.000000
165000 -608.000000
165100 -608.000000
165200 -608.000000
165300 -608.000000
165400 -608.000000
165500 -608.000000
165600 -608.000000
165700 -608.000000
165800 -608.000000
165900 -608.000000
166000 -608.000000
166100 -607.000000
166200 -607.000000
166300 -608.000000
166400 -607.000000
166500 -608.000000
166600 -608.000000
166700 -608.000000
166800 -608.000000
166900 -608.000000
167000 -608.000000
167100 -608.000000
167200 -608.000000
167300 -608.000000
167400 -608.000000
167500 -608.000000
167600 -608.000000
167700 -608.000000
167800 -608.000000
167900 -608.000000
168000 -608.000000
168100 -608.000000
168200 -608.000000
168300 -608.000000
168400 -608.000000
168500 -608.000000
168600 -608.000000
168700 -608.000000
168800 -608.000000
168900 -608.000000
169000 -608.000000
169100 -608.000000
169200 -608.000000
169300 -608.000000
169400 -608.000000
169500 -608.000000
169600 -608.000000
169700 -608.000000
169800 -608.000000
169900 -608.000000
170000 -607.000000
170100 -608.000000
170200 -608.000000
170300 -608.000000
170400 -608.000000
170500 -608.000000
170600 -608.000000
170700 -608.000000
170800 -608.000000
170900 -608.000000
171000 -608.000000
171100 -609.000000
171200 -608.000000
171300 -608.000000
171400 -608.000000
171500 -608.000000
171600 -608.000000
171700 -608.000000
171800 -607.000000
171900 -607.000000
172000 -608.000000
172100 -608.000000
172200 -608.000000
172300 -608.000000
172400 -608.000000
172500 -608.000000
172600 -608.000000
172700 -608.000000
172800 -608.000000
172900 -608.000000
173000 -608.000000
173100 -608.000000
173200 -608.000000
173300 -608.000000
173400 -608.000000
173500 -608.000000
173600 -607.000000
173700 -607.000000
173800 -607.000000
173900 -607.000000
174000 -608.000000
174100 -608.000000
174200 -609.000000
174300 -608.000000
174400 -608.000000
174500 -608.000000
174600 -608.000000
174700 -608.000000
174800 -608.000000
174900 -608.000000
175000 -608.000000
175100 -607.000000
175200 -607.000000
175300 -607.000000
175400 -608.000000
175500 -608.000000
175600 -607.000000
175700 -607.000000
175800 -608.000000
175900 -607.000000
176000 -608.000000
176100 -608.000000
176200 -608.000000
176300 -608.000000
176400 -607.000000
176500 -608.000000
176600 -608.000000
176700 -607.000000
176800 -608.000000
176900 -608.000000
177000 -608.000000
177100 -608.000000
177200 -607.000000
177300 -608.000000
177400 -608.000000
177500 -608.000000
177600 -608.000000
177700 -608.000000
177800 -608.000000
177900 -608.000000
178000 -607.000000
178100 -608.000000
178200 -596.000000
178300 -587.000000
178400 -594.000000
178500 -594.000000
178600 -596.000000
178700 -598.000000
178800 -600.000000
178900 -586.000000
179000 -588.000000
179100 -589.000000
179200 -590.000000
179300 -602.000000
179400 -597.000000
179500 -592.000000
179600 -582.000000
179700 -583.000000
179800 -607.000000
179900 -584.000000
180000 -583.000000
180100 -588.000000
180200 -590.000000
180300 -587.000000
180400 -586.000000
180500 -575.000000
180600 -597.000000
180700 -587.000000
180800 -595.000000
180900 -570.000000
181000 -592.000000
181100 -580.000000
181200 -599.000000
181300 -581.000000
181400 -587.000000
181500 -597.000000
181600 -581.000000
181700 -582.000000
181800 -583.000000
181900 -588.000000
182000 -579.000000
182100 -595.000000
182200 -588.000000
182300 -596.000000
182400 -580.000000
182500 -588.000000
182600 -586.000000
182700 -589.000000
182800 -592.000000
182900 -584.000000
183000 -591.000000
183100 -595.000000
183200 -591.000000
183300 -591.000000
183400 -589.000000
183500 -585.000000
183600 -581.000000
183700 -593.000000
183800 -585.000000
183900 -582.000000
184000 -597.000000
184100 -587.000000
184200 -589.000000
184300 -586.000000
184400 -590.000000
184500 -590.000000
184600 -591.000000
184700 -593.000000
184800 -593.000000
184900 -585.000000
185000 -597.000000
185100 -597.000000
185200 -590.000000
185300 -584.000000
185400 -587.000000
185500 -590.000000
185600 -589.000000
185700 -591.000000
185800 -592.000000
185900 -594.000000
186000 -593.000000
186100 -585.000000
186200 -594.000000
186300 -581.000000
186400 -579.000000
186500 -585.000000
186600 -583.000000
186700 -590.000000
186800 -595.000000
186900 -587.000000
187000 -580.000000
187100 -589.000000
187200 -583.000000
187300 -591.000000
187400 -577.000000
187500 -596.000000
187600 -589.000000
187700 -595.000000
187800 -588.000000
187900 -586.000000
188000 -586.000000
188100 -582.000000
188200 -589.000000
188300 -579.000000
188400 -575.000000
188500 -577.000000
188600 -578.000000
188700 -577.000000
188800 -575.000000
188900 -576.000000
189000 -577.000000
189100 -572.000000
189200 -576.000000
189300 -577.000000
189400 -577.000000
189500 -577.000000
189600 -580.000000
189700 -568.000000
189800 -579.000000
189900 -565.000000
190000 -573.000000
190100 -567.000000
190200 -573.000000
190300 -576.000000
190400 -570.000000
190500 -583.000000
190600 -580.000000
190700 -573.000000
190800 -575.000000
190900 -581.000000
191000 -577.000000
191100 -581.000000
191200 -575.000000
191300 -577.000000
191400 -577.000000
191500 -579.000000
191600 -560.000000
191700 -577.000000
191800 -565.000000
191900 -581.000000
192000 -579.000000
192100 -569.000000
192200 -579.000000
192300 -561.000000
192400 -579.000000
192500 -574.000000
192600 -574.000000
192700 -574.000000
192800 -575.000000
192900 -572.000000
193000 -567.000000
193100 -574.000000
193200 -570.000000
193300 -565.000000
193400 -564.000000
193500 -580.000000
193600 -578.000000
193700 -578.000000
193800 -573.000000
193900 -572.000000
194000 -576.000000
194100 -576.000000
194200 -576.000000
194300 -573.000000
194400 -576.000000
194500 -576.000000
194600 -576.000000
194700 -574.000000
194800 -575.000000
194900 -575.000000
195000 -576.000000
195100 -575.000000
195200 -575.000000
195300 -571.000000
195400 -575.000000
195500 -576.000000
195600 -575.000000
195700 -576.000000
195800 -572.000000
195900 -576.000000
196000 -576.000000
196100 -575.000000
196200 -576.000000
196300 -573.000000
196400 -572.000000
196500 -573.000000
196600 -572.000000
196700 -575.000000
196800 -573.000000
196900 -574.000000
197000 -575.000000
197100 -573.000000
197200 -576.000000
197300 -577.000000
197400 -576.000000
197500 -574.000000
197600 -568.000000
197700 -576.000000
197800 -573.000000
197900 -575.000000
198000 -576.000000
198100 -575.000000
198200 -577.000000
198300 -574.000000
198400 -575.000000
198500 -576.000000
198600 -574.000000
198700 -573.000000
198800 -575.000000
198900 -576.000000
199000 -574.000000
199100 -575.000000
199200 -573.000000
199300 -569.000000
199400 -573.000000
199500 -576.000000
199600 -574.000000
199700 -572.000000
199800 -576.000000
199900 -572.000000
