0 -1024.000000
100 -896.000000
200 -896.000000
300 -896.000000
400 -896.000000
500 -896.000000
600 -896.000000
700 -892.000000
800 -892.000000
900 -891.000000
1000 -892.000000
1100 -896.000000
1200 -891.000000
1300 -877.000000
1400 -864.000000
1500 -864.000000
1600 -864.000000
1700 -864.000000
1800 -864.000000
1900 -864.000000
2000 -864.000000
2100 -864.000000
2200 -864.000000
2300 -857.000000
2400 -862.000000
2500 -864.000000
2600 -861.000000
2700 -864.000000
2800 -864.000000
2900 -864.000000
3000 -862.000000
3100 -864.000000
3200 -847.000000
3300 -842.000000
3400 -849.000000
3500 -853.000000
3600 -828.000000
3700 -850.000000
3800 -827.000000
3900 -820.000000
4000 -821.000000
4100 -829.000000
4200 -826.000000
4300 -824.000000
4400 -830.000000
4500 -829.000000
4600 -830.000000
4700 -828.000000
4800 -826.000000
4900 -832.000000
5000 -832.000000
5100 -832.000000
5200 -832.000000
5300 -832.000000
5400 -807.000000
5500 -803.000000
5600 -826.000000
5700 -795.000000
5800 -820.000000
5900 -822.000000
6000 -825.000000
6100 -832.000000
6200 -816.000000
6300 -832.000000
6400 -831.000000
6500 -823.000000
6600 -831.000000
6700 -801.000000
6800 -808.000000
6900 -806.000000
7000 -815.000000
7100 -815.000000
7200 -815.000000
7300 -799.000000
7400 -807.000000
7500 -812.000000
7600 -791.000000
7700 -804.000000
7800 -822.000000
7900 -803.000000
8000 -821.000000
8100 -799.000000
8200 -820.000000
8300 -802.000000
8400 -801.000000
8500 -801.000000
8600 -804.000000
8700 -778.000000
8800 -786.000000
8900 -785.000000
9000 -799.000000
9100 -793.000000
9200 -795.000000
9300 -793.000000
9400 -784.000000
9500 -790.000000
9600 -786.000000
9700 -788.000000
9800 -788.000000
9900 -782.000000
10000 -787.000000
10100 -783.000000
10200 -784.000000
10300 -781.000000
10400 -795.000000
10500 -780.000000
10600 -790.000000
10700 -795.000000
10800 -787.000000
10900 -797.000000
11000 -789.000000
11100 -792.000000
11200 -796.000000
11300 -800.000000
11400 -793.000000
11500 -786.000000
11600 -786.000000
11700 -787.000000
11800 -789.000000
11900 -793.000000
12000 -781.000000
12100 -786.000000
12200 -780.000000
12300 -785.000000
12400 -796.000000
12500 -777.000000
12600 -797.000000
12700 -784.000000
12800 -781.000000
12900 -783.000000
13000 -771.000000
13100 -791.000000
13200 -784.000000
13300 -777.000000
13400 -779.000000
13500 -789.000000
13600 -790.000000
13700 -780.000000
13800 -770.000000
13900 -755.000000
14000 -775.000000
14100 -777.000000
14200 -779.000000
14300 -774.000000
14400 -765.000000
14500 -771.000000
14600 -767.000000
14700 -772.000000
14800 -767.000000
14900 -778.000000
15000 -773.000000
15100 -776.000000
15200 -768.000000
15300 -780.000000
15400 -771.000000
15500 -776.000000
15600 -778.000000
15700 -772.000000
15800 -774.000000
15900 -773.000000
16000 -772.000000
16100 -777.000000
16200 -777.000000
16300 -771.000000
16400 -772.000000
16500 -768.000000
16600 -774.000000
16700 -772.000000
16800 -778.000000
16900 -773.000000
17000 -772.000000
17100 -769.000000
17200 -775.000000
17300 -768.000000
17400 -772.000000
17500 -768.000000
17600 -767.000000
17700 -768.000000
17800 -766.000000
17900 -768.000000
18000 -764.000000
18100 -767.000000
18200 -772.000000
18300 -772.000000
18400 -775.000000
18500 -769.000000
18600 -774.000000
18700 -773.000000
18800 -773.000000
18900 -762.000000
19000 -770.000000
19100 -769.000000
19200 -767.000000
19300 -771.000000
19400 -768.000000
19500 -769.000000
19600 -765.000000
19700 -767.000000
19800 -764.000000
19900 -769.000000
20000 -767.000000
20100 -771.000000
20200 -767.000000
20300 -770.000000
20400 -768.000000
20500 -768.000000
20600 -767.000000
20700 -766.000000
20800 -771.000000
20900 -764.000000
21000 -767.000000
21100 -767.000000
21200 -768.000000
21300 -761.000000
21400 -768.000000
21500 -768.000000
21600 -767.000000
21700 -767.000000
21800 -766.000000
21900 -767.000000
22000 -769.000000
22100 -767.000000
22200 -767.000000
22300 -768.000000
22400 -765.000000
22500 -767.000000
22600 -768.000000
22700 -765.000000
22800 -768.000000
22900 -766.000000
23000 -765.000000
23100 -766.000000
23200 -767.000000
23300 -766.000000
23400 -767.000000
23500 -768.000000
23600 -767.000000
23700 -766.000000
23800 -766.000000
23900 -767.000000
24000 -766.000000
24100 -766.000000
24200 -766.000000
24300 -768.000000
24400 -767.000000
24500 -767.000000
24600 -767.000000
24700 -767.000000
24800 -766.000000
24900 -767.000000
25000 -767.000000
25100 -766.000000
25200 -769.000000
25300 -768.000000
25400 -765.000000
25500 -766.000000
25600 -767.000000
25700 -767.000000
25800 -765.000000
25900 -767.000000
26000 -763.000000
26100 -767.000000
26200 -766.000000
26300 -765.000000
26400 -767.000000
26500 -767.000000
26600 -767.000000
26700 -767.000000
26800 -766.000000
26900 -766.000000
27000 -767.000000
27100 -768.000000
27200 -766.000000
27300 -767.000000
27400 -766.000000
27500 -766.000000
27600 -765.000000
27700 -766.000000
27800 -764.000000
27900 -766.000000
28000 -762.000000
28100 -762.000000
28200 -765.000000
28300 -767.000000
28400 -766.000000
28500 -766.000000
28600 -758.000000
28700 -758.000000
28800 -765.000000
28900 -762.000000
29000 -760.000000
29100 -754.000000
29200 -759.000000
29300 -759.000000
29400 -752.000000
29500 -759.000000
29600 -761.000000
29700 -761.000000
29800 -765.000000
29900 -761.000000
30000 -761.000000
30100 -758.000000
30200 -749.000000
30300 -752.000000
30400 -726.000000
30500 -729.000000
30600 -734.000000
30700 -733.000000
30800 -734.000000
30900 -736.000000
31000 -736.000000
31100 -736.000000
31200 -736.000000
31300 -736.000000
31400 -732.000000
31500 -728.000000
31600 -734.000000
31700 -734.000000
31800 -736.000000
31900 -736.000000
32000 -736.000000
32100 -736.000000
32200 -736.000000
32300 -736.000000
32400 -736.000000
32500 -736.000000
32600 -736.000000
32700 -717.000000
32800 -720.000000
32900 -716.000000
33000 -733.000000
33100 -721.000000
33200 -719.000000
33300 -719.000000
33400 -726.000000
33500 -718.000000
33600 -739.000000
33700 -729.000000
33800 -747.000000
33900 -732.000000
34000 -717.000000
34100 -718.000000
34200 -725.000000
34300 -715.000000
34400 -709.000000
34500 -720.000000
34600 -714.000000
34700 -687.000000
34800 -720.000000
34900 -718.000000
35000 -713.000000
35100 -714.000000
35200 -716.000000
35300 -723.000000
35400 -719.000000
35500 -721.000000
35600 -715.000000
35700 -727.000000
35800 -716.000000
35900 -710.000000
36000 -717.000000
36100 -724.000000
36200 -731.000000
36300 -717.000000
36400 -722.000000
36500 -727.000000
36600 -724.000000
36700 -729.000000
36800 -715.000000
36900 -734.000000
37000 -709.000000
37100 -716.000000
37200 -699.000000
37300 -712.000000
37400 -696.000000
37500 -703.000000
37600 -690.000000
37700 -689.000000
37800 -710.000000
37900 -702.000000
38000 -705.000000
38100 -700.000000
38200 -694.000000
38300 -699.000000
38400 -708.000000
38500 -714.000000
38600 -713.000000
38700 -719.000000
38800 -724.000000
38900 -712.000000
39000 -709.000000
39100 -707.000000
39200 -719.000000
39300 -726.000000
39400 -716.000000
39500 -721.000000
39600 -718.000000
39700 -715.000000
39800 -715.000000
39900 -710.000000
40000 -717.000000
40100 -725.000000
40200 -696.000000
40300 -704.000000
40400 -712.000000
40500 -716.000000
40600 -704.000000
40700 -705.000000
40800 -704.000000
40900 -704.000000
41000 -704.000000
41100 -704.000000
41200 -703.000000
41300 -705.000000
41400 -704.000000
41500 -704.000000
41600 -704.000000
41700 -704.000000
41800 -703.000000
41900 -705.000000
42000 -704.000000
42100 -704.000000
42200 -704.000000
42300 -704.000000
42400 -703.000000
42500 -703.000000
42600 -704.000000
42700 -704.000000
42800 -704.000000
42900 -704.000000
43000 -704.000000
43100 -704.000000
43200 -704.000000
43300 -704.000000
43400 -703.000000
43500 -704.000000
43600 -704.000000
43700 -704.000000
43800 -703.000000
43900 -704.000000
44000 -704.000000
44100 -704.000000
44200 -703.000000
44300 -704.000000
44400 -704.000000
44500 -704.000000
44600 -704.000000
44700 -704.000000
44800 -704.000000
44900 -704.000000
45000 -704.000000
45100 -704.000000
45200 -704.000000
45300 -704.000000
45400 -705.000000
45500 -704.000000
45600 -704.000000
45700 -704.000000
45800 -703.000000
45900 -705.000000
46000 -704.000000
46100 -704.000000
46200 -704.000000
46300 -704.000000
46400 -703.000000
46500 -704.000000
46600 -704.000000
46700 -704.000000
46800 -704.000000
46900 -704.000000
47000 -704.000000
47100 -704.000000
47200 -705.000000
47300 -705.000000
47400 -704.000000
47500 -704.000000
47600 -704.000000
47700 -703.000000
47800 -703.000000
47900 -708.000000
48000 -709.000000
48100 -712.000000
48200 -715.000000
48300 -718.000000
48400 -714.000000
48500 -713.000000
48600 -707.000000
48700 -712.000000
48800 -701.000000
48900 -712.000000
49000 -710.000000
49100 -697.000000
49200 -710.000000
49300 -709.000000
49400 -711.000000
49500 -703.000000
49600 -709.000000
49700 -703.000000
49800 -710.000000
49900 -707.000000
50000 -712.000000
50100 -709.000000
50200 -708.000000
50300 -710.000000
50400 -713.000000
50500 -709.000000
50600 -712.000000
50700 -710.000000
50800 -711.000000
50900 -713.000000
51000 -713.000000
51100 -710.000000
51200 -710.000000
51300 -707.000000
51400 -704.000000
51500 -710.000000
51600 -712.000000
51700 -711.000000
51800 -711.000000
51900 -704.000000
52000 -712.000000
52100 -710.000000
52200 -705.000000
52300 -706.000000
52400 -706.000000
52500 -702.000000
52600 -706.000000
52700 -709.000000
52800 -706.000000
52900 -708.000000
53000 -701.000000
53100 -704.000000
53200 -706.000000
53300 -703.000000
53400 -704.000000
53500 -707.000000
53600 -705.000000
53700 -705.000000
53800 -706.000000
53900 -707.000000
54000 -705.000000
54100 -705.000000
54200 -706.000000
54300 -701.000000
54400 -703.000000
54500 -709.000000
54600 -708.000000
54700 -704.000000
54800 -705.000000
54900 -708.000000
55000 -703.000000
55100 -703.000000
55200 -707.000000
55300 -708.000000
55400 -704.000000
55500 -708.000000
55600 -705.000000
55700 -707.000000
55800 -707.000000
55900 -712.000000
56000 -707.000000
56100 -707.000000
56200 -703.000000
56300 -709.000000
56400 -709.000000
56500 -710.000000
56600 -705.000000
56700 -706.000000
56800 -712.000000
56900 -706.000000
57000 -707.000000
57100 -707.000000
57200 -705.000000
57300 -706.000000
57400 -706.000000
57500 -705.000000
57600 -705.000000
57700 -702.000000
57800 -701.000000
57900 -704.000000
58000 -704.000000
58100 -700.000000
58200 -704.000000
58300 -705.000000
58400 -705.000000
58500 -698.000000
58600 -699.000000
58700 -703.000000
58800 -703.000000
58900 -706.000000
59000 -703.000000
59100 -700.000000
59200 -705.000000
59300 -703.000000
59400 -703.000000
59500 -705.000000
59600 -704.000000
59700 -704.000000
59800 -705.000000
59900 -704.000000
60000 -704.000000
60100 -694.000000
60200 -704.000000
60300 -704.000000
60400 -701.000000
60500 -704.000000
60600 -704.000000
60700 -704.000000
60800 -704.000000
60900 -704.000000
61000 -704.000000
61100 -704.000000
61200 -703.000000
61300 -704.000000
61400 -704.000000
61500 -704.000000
61600 -704.000000
61700 -704.000000
61800 -704.000000
61900 -704.000000
62000 -704.000000
62100 -704.000000
62200 -704.000000
62300 -704.000000
62400 -704.000000
62500 -704.000000
62600 -704.000000
62700 -704.000000
62800 -704.000000
62900 -704.000000
63000 -704.000000
63100 -700.000000
63200 -704.000000
63300 -704.000000
63400 -704.000000
63500 -704.000000
63600 -704.000000
63700 -704.000000
63800 -704.000000
63900 -704.000000
64000 -704.000000
64100 -704.000000
64200 -704.000000
64300 -704.000000
64400 -704.000000
64500 -704.000000
64600 -704.000000
64700 -704.000000
64800 -704.000000
64900 -704.000000
65000 -704.000000
65100 -704.000000
65200 -704.000000
65300 -704.000000
65400 -704.000000
65500 -704.000000
65600 -704.000000
65700 -704.000000
65800 -704.000000
65900 -704.000000
66000 -704.000000
66100 -704.000000
66200 -704.000000
66300 -687.000000
66400 -677.000000
66500 -704.000000
66600 -691.000000
66700 -690.000000
66800 -691.000000
66900 -681.000000
67000 -687.000000
67100 -688.000000
67200 -676.000000
67300 -703.000000
67400 -676.000000
67500 -703.000000
67600 -686.000000
67700 -696.000000
67800 -704.000000
67900 -704.000000
68000 -704.000000
68100 -688.000000
68200 -688.000000
68300 -687.000000
68400 -688.000000
68500 -688.000000
68600 -688.000000
68700 -687.000000
68800 -688.000000
68900 -689.000000
69000 -689.000000
69100 -690.000000
69200 -689.000000
69300 -691.000000
69400 -691.000000
69500 -687.000000
69600 -689.000000
69700 -689.000000
69800 -689.000000
69900 -687.000000
70000 -690.000000
70100 -688.000000
70200 -690.000000
70300 -690.000000
70400 -690.000000
70500 -690.000000
70600 -689.000000
70700 -689.000000
70800 -692.000000
70900 -691.000000
71000 -688.000000
71100 -693.000000
71200 -689.000000
71300 -689.000000
71400 -688.000000
71500 -691.000000
71600 -688.000000
71700 -688.000000
71800 -690.000000
71900 -688.000000
72000 -690.000000
72100 -688.000000
72200 -689.000000
72300 -691.000000
72400 -692.000000
72500 -688.000000
72600 -690.000000
72700 -687.000000
72800 -687.000000
72900 -689.000000
73000 -688.000000
73100 -688.000000
73200 -690.000000
73300 -688.000000
73400 -689.000000
73500 -688.000000
73600 -689.000000
73700 -688.000000
73800 -688.000000
73900 -688.000000
74000 -689.000000
74100 -689.000000
74200 -688.000000
74300 -687.000000
74400 -688.000000
74500 -689.000000
74600 -690.000000
74700 -688.000000
74800 -673.000000
74900 -677.000000
75000 -675.000000
75100 -680.000000
75200 -682.000000
75300 -679.000000
75400 -683.000000
75500 -676.000000
75600 -677.000000
75700 -671.000000
75800 -681.000000
75900 -687.000000
76000 -665.000000
76100 -688.000000
76200 -676.000000
76300 -680.000000
76400 -679.000000
76500 -683.000000
76600 -671.000000
76700 -672.000000
76800 -676.000000
76900 -681.000000
77000 -671.000000
77100 -672.000000
77200 -675.000000
77300 -671.000000
77400 -675.000000
77500 -674.000000
77600 -673.000000
77700 -674.000000
77800 -680.000000
77900 -672.000000
78000 -673.000000
78100 -672.000000
78200 -678.000000
78300 -679.000000
78400 -669.000000
78500 -678.000000
78600 -669.000000
78700 -675.000000
78800 -673.000000
78900 -672.000000
79000 -675.000000
79100 -673.000000
79200 -674.000000
79300 -673.000000
79400 -671.000000
79500 -673.000000
79600 -671.000000
79700 -670.000000
79800 -671.000000
79900 -670.000000
80000 -674.000000
80100 -676.000000
80200 -670.000000
80300 -670.000000
80400 -672.000000
80500 -676.000000
80600 -671.000000
80700 -670.000000
80800 -669.000000
80900 -672.000000
81000 -673.000000
81100 -673.000000
81200 -674.000000
81300 -672.000000
81400 -672.000000
81500 -671.000000
81600 -672.000000
81700 -675.000000
81800 -670.000000
81900 -676.000000
82000 -670.000000
82100 -668.000000
82200 -673.000000
82300 -672.000000
82400 -671.000000
82500 -671.000000
82600 -672.000000
82700 -673.000000
82800 -672.000000
82900 -671.000000
83000 -670.000000
83100 -671.000000
83200 -672.000000
83300 -671.000000
83400 -671.000000
83500 -671.000000
83600 -670.000000
83700 -668.000000
83800 -664.000000
83900 -669.000000
84000 -664.000000
84100 -672.000000
84200 -671.000000
84300 -670.000000
84400 -670.000000
84500 -672.000000
84600 -672.000000
84700 -672.000000
84800 -667.000000
84900 -670.000000
85000 -667.000000
85100 -670.000000
85200 -669.000000
85300 -672.000000
85400 -670.000000
85500 -663.000000
85600 -671.000000
85700 -663.000000
85800 -665.000000
85900 -671.000000
86000 -666.000000
86100 -666.000000
86200 -671.000000
86300 -664.000000
86400 -670.000000
86500 -673.000000
86600 -672.000000
86700 -671.000000
86800 -669.000000
86900 -670.000000
87000 -673.000000
87100 -668.000000
87200 -671.000000
87300 -672.000000
87400 -671.000000
87500 -669.000000
87600 -674.000000
87700 -670.000000
87800 -670.000000
87900 -670.000000
88000 -672.000000
88100 -671.000000
88200 -670.000000
88300 -671.000000
88400 -673.000000
88500 -672.000000
88600 -671.000000
88700 -671.000000
88800 -671.000000
88900 -672.000000
89000 -671.000000
89100 -670.000000
89200 -672.000000
89300 -670.000000
89400 -670.000000
89500 -671.000000
89600 -671.000000
89700 -671.000000
89800 -672.000000
89900 -672.000000
90000 -672.000000
90100 -671.000000
90200 -671.000000
90300 -672.000000
90400 -671.000000
90500 -671.000000
90600 -673.000000
90700 -670.000000
90800 -671.000000
90900 -673.000000
91000 -666.000000
91100 -673.000000
91200 -670.000000
91300 -671.000000
91400 -670.000000
91500 -671.000000
91600 -669.000000
91700 -669.000000
91800 -671.000000
91900 -667.000000
92000 -668.000000
92100 -671.000000
92200 -669.000000
92300 -665.000000
92400 -651.000000
92500 -643.000000
92600 -636.000000
92700 -637.000000
92800 -632.000000
92900 -632.000000
93000 -635.000000
93100 -641.000000
93200 -637.000000
93300 -635.000000
93400 -637.000000
93500 -637.000000
93600 -636.000000
93700 -637.000000
93800 -645.000000
93900 -644.000000
94000 -635.000000
94100 -637.000000
94200 -641.000000
94300 -644.000000
94400 -639.000000
94500 -634.000000
94600 -640.000000
94700 -639.000000
94800 -639.000000
94900 -640.000000
95000 -638.000000
95100 -638.000000
95200 -640.000000
95300 -638.000000
95400 -640.000000
95500 -640.000000
95600 -640.000000
95700 -640.000000
95800 -640.000000
95900 -640.000000
96000 -640.000000
96100 -640.000000
96200 -640.000000
96300 -639.000000
96400 -640.000000
96500 -640.000000
96600 -608.000000
96700 -608.000000
96800 -608.000000
96900 -609.000000
97000 -609.000000
97100 -608.000000
97200 -608.000000
97300 -608.000000
97400 -608.000000
97500 -608.000000
97600 -609.000000
97700 -608.000000
97800 -608.000000
97900 -608.000000
98000 -608.000000
98100 -609.000000
98200 -608.000000
98300 -608.000000
98400 -609.000000
98500 -608.000000
98600 -608.000000
98700 -608.000000
98800 -609.000000
98900 -608.000000
99000 -612.000000
99100 -608.000000
99200 -611.000000
99300 -610.000000
99400 -608.000000
99500 -607.000000
99600 -608.000000
99700 -608.000000
99800 -608.000000
99900 -608.000000
100000 -608.000000
100100 -611.000000
100200 -608.000000
100300 -609.000000
100400 -608.000000
100500 -609.000000
100600 -608.000000
100700 -609.000000
100800 -608.000000
100900 -608.000000
101000 -608.000000
101100 -608.000000
101200 -608.000000
101300 -607.000000
101400 -608.000000
101500 -608.000000
101600 -607.000000
101700 -608.000000
101800 -608.000000
101900 -607.000000
102000 -608.000000
102100 -608.000000
102200 -609.000000
102300 -608.000000
102400 -607.000000
102500 -608.000000
102600 -608.000000
102700 -609.000000
102800 -608.000000
102900 -608.000000
103000 -608.000000
103100 -608.000000
103200 -608.000000
103300 -608.000000
103400 -608.000000
103500 -608.000000
103600 -609.000000
103700 -608.000000
103800 -608.000000
103900 -608.000000
104000 -608.000000
104100 -608.000000
104200 -608.000000
104300 -608.000000
104400 -608.000000
104500 -608.000000
104600 -608.000000
104700 -608.000000
104800 -608.000000
104900 -608.000000
105000 -608.000000
105100 -608.000000
105200 -608.000000
105300 -608.000000
105400 -608.000000
105500 -609.000000
105600 -608.000000
105700 -608.000000
105800 -608.000000
105900 -608.000000
106000 -607.000000
106100 -607.000000
106200 -608.000000
106300 -608.000000
106400 -608.000000
106500 -608.000000
106600 -608.000000
106700 -608.000000
106800 -607.000000
106900 -608.000000
107000 -608.000000
107100 -608.000000
107200 -608.000000
107300 -608.000000
107400 -608.000000
107500 -608.000000
107600 -608.000000
107700 -608.000000
107800 -608.000000
107900 -608.000000
108000 -608.000000
108100 -608.000000
108200 -608.000000
108300 -607.000000
108400 -608.000000
108500 -608.000000
108600 -607.000000
108700 -607.000000
108800 -608.000000
108900 -608.000000
109000 -608.000000
109100 -608.000000
109200 -608.000000
109300 -608.000000
109400 -608.000000
109500 -608.000000
109600 -608.000000
109700 -607.000000
109800 -608.000000
109900 -608.000000
110000 -608.000000
110100 -607.000000
110200 -608.000000
110300 -608.000000
110400 -607.000000
110500 -608.000000
110600 -608.000000
110700 -608.000000
110800 -608.000000
110900 -608.000000
111000 -608.000000
111100 -608.000000
111200 -608.000000
111300 -608.000000
111400 -608.000000
111500 -608.000000
111600 -608.000000
111700 -607.000000
111800 -608.000000
111900 -608.000000
112000 -608.000000
112100 -607.000000
112200 -606.000000
112300 -608.000000
112400 -608.000000
112500 -608.000000
112600 -608.000000
112700 -608.000000
112800 -608.000000
112900 -608.000000
113000 -608.000000
113100 -608.000000
113200 -607.000000
113300 -608.000000
113400 -608.000000
113500 -608.000000
113600 -607.000000
113700 -607.000000
113800 -546.000000
113900 -544.000000
114000 -543.000000
114100 -544.000000
114200 -544.000000
114300 -544.000000
114400 -544.000000
114500 -544.000000
114600 -545.000000
114700 -544.000000
114800 -544.000000
114900 -544.000000
115000 -544.000000
115100 -544.000000
115200 -544.000000
115300 -544.000000
115400 -544.000000
115500 -544.000000
115600 -544.000000
115700 -544.000000
115800 -543.000000
115900 -544.000000
116000 -544.000000
116100 -544.000000
116200 -544.000000
116300 -544.000000
116400 -544.000000
116500 -543.000000
116600 -544.000000
116700 -544.000000
116800 -544.000000
116900 -544.000000
117000 -543.000000
117100 -544.000000
117200 -544.000000
117300 -544.000000
117400 -544.000000
117500 -544.000000
117600 -544.000000
117700 -543.000000
117800 -544.000000
117900 -542.000000
118000 -544.000000
118100 -542.000000
118200 -544.000000
118300 -544.000000
118400 -544.000000
118500 -544.000000
118600 -544.000000
118700 -539.000000
118800 -544.000000
118900 -544.000000
119000 -544.000000
119100 -540.000000
119200 -544.000000
119300 -544.000000
119400 -542.000000
119500 -539.000000
119600 -543.000000
119700 -535.000000
119800 -544.000000
119900 -539.000000
120000 -544.000000
120100 -544.000000
120200 -544.000000
120300 -544.000000
120400 -544.000000
120500 -544.000000
120600 -541.000000
120700 -544.000000
120800 -544.000000
120900 -541.000000
121000 -538.000000
121100 -539.000000
121200 -538.000000
121300 -544.000000
121400 -528.000000
121500 -535.000000
121600 -532.000000
121700 -536.000000
121800 -531.000000
121900 -528.000000
122000 -537.000000
122100 -539.000000
122200 -537.000000
122300 -533.000000
122400 -535.000000
122500 -536.000000
122600 -531.000000
122700 -541.000000
122800 -531.000000
122900 -534.000000
123000 -534.000000
123100 -537.000000
123200 -539.000000
123300 -533.000000
123400 -531.000000
123500 -531.000000
123600 -530.000000
123700 -537.000000
123800 -538.000000
123900 -543.000000
124000 -541.000000
124100 -536.000000
124200 -543.000000
124300 -541.000000
124400 -543.000000
124500 -544.000000
124600 -539.000000
124700 -532.000000
124800 -535.000000
124900 -531.000000
125000 -536.000000
125100 -535.000000
125200 -537.000000
125300 -542.000000
125400 -540.000000
125500 -537.000000
125600 -528.000000
125700 -537.000000
125800 -537.000000
125900 -534.000000
126000 -539.000000
126100 -536.000000
126200 -538.000000
126300 -541.000000
126400 -536.000000
126500 -539.000000
126600 -537.000000
126700 -541.000000
126800 -535.000000
126900 -537.000000
127000 -540.000000
127100 -537.000000
127200 -529.000000
127300 -535.000000
127400 -536.000000
127500 -539.000000
127600 -535.000000
127700 -532.000000
127800 -535.000000
127900 -535.000000
128000 -535.000000
128100 -536.000000
128200 -540.000000
128300 -477.000000
128400 -472.000000
128500 -472.000000
128600 -475.000000
128700 -476.000000
128800 -476.000000
128900 -475.000000
129000 -469.000000
129100 -480.000000
129200 -481.000000
129300 -473.000000
129400 -475.000000
129500 -470.000000
129600 -469.000000
129700 -468.000000
129800 -469.000000
129900 -469.000000
130000 -470.000000
130100 -468.000000
130200 -471.000000
130300 -471.000000
130400 -469.000000
130500 -470.000000
130600 -470.000000
130700 -473.000000
130800 -473.000000
130900 -465.000000
131000 -472.000000
131100 -472.000000
131200 -470.000000
131300 -473.000000
131400 -467.000000
131500 -475.000000
131600 -466.000000
131700 -477.000000
131800 -472.000000
131900 -469.000000
132000 -471.000000
132100 -479.000000
132200 -472.000000
132300 -473.000000
132400 -469.000000
132500 -472.000000
132600 -475.000000
132700 -476.000000
132800 -475.000000
132900 -474.000000
133000 -473.000000
133100 -475.000000
133200 -471.000000
133300 -477.000000
133400 -474.000000
133500 -473.000000
133600 -472.000000
133700 -471.000000
133800 -470.000000
133900 -475.000000
134000 -471.000000
134100 -474.000000
134200 -475.000000
134300 -465.000000
134400 -475.000000
134500 -470.000000
134600 -470.000000
134700 -476.000000
134800 -469.000000
134900 -470.000000
135000 -469.000000
135100 -470.000000
135200 -471.000000
135300 -475.000000
135400 -472.000000
135500 -476.000000
135600 -475.000000
135700 -468.000000
135800 -471.000000
135900 -477.000000
136000 -469.000000
136100 -469.000000
136200 -473.000000
136300 -476.000000
136400 -472.000000
136500 -475.000000
136600 -467.000000
136700 -472.000000
136800 -474.000000
136900 -469.000000
137000 -470.000000
137100 -467.000000
137200 -476.000000
137300 -468.000000
137400 -472.000000
137500 -470.000000
137600 -471.000000
137700 -471.000000
137800 -466.000000
137900 -466.000000
138000 -464.000000
138100 -464.000000
138200 -463.000000
138300 -466.000000
138400 -465.000000
138500 -463.000000
138600 -465.000000
138700 -464.000000
138800 -465.000000
138900 -465.000000
139000 -464.000000
139100 -464.000000
139200 -463.000000
139300 -464.000000
139400 -465.000000
139500 -464.000000
139600 -465.000000
139700 -464.000000
139800 -465.000000
139900 -464.000000
140000 -464.000000
140100 -465.000000
140200 -465.000000
140300 -464.000000
140400 -464.000000
140500 -466.000000
140600 -463.000000
140700 -464.000000
140800 -464.000000
140900 -464.000000
141000 -464.000000
141100 -464.000000
141200 -464.000000
141300 -464.000000
141400 -464.000000
141500 -464.000000
141600 -464.000000
141700 -464.000000
141800 -464.000000
141900 -464.000000
142000 -464.000000
142100 -464.000000
142200 -464.000000
142300 -464.000000
142400 -464.000000
142500 -464.000000
142600 -464.000000
142700 -465.000000
142800 -465.000000
142900 -464.000000
143000 -464.000000
143100 -464.000000
143200 -463.000000
143300 -464.000000
143400 -464.000000
143500 -464.000000
143600 -464.000000
143700 -464.000000
143800 -464.000000
143900 -464.000000
144000 -464.000000
144100 -464.000000
144200 -464.000000
144300 -464.000000
144400 -464.000000
144500 -464.000000
144600 -464.000000
144700 -465.000000
144800 -464.000000
144900 -464.000000
145000 -465.000000
145100 -464.000000
145200 -464.000000
145300 -463.000000
145400 -464.000000
145500 -465.000000
145600 -464.000000
145700 -463.000000
145800 -464.000000
145900 -464.000000
146000 -465.000000
146100 -465.000000
146200 -464.000000
146300 -464.000000
146400 -464.000000
146500 -464.000000
146600 -464.000000
146700 -464.000000
146800 -464.000000
146900 -464.000000
147000 -462.000000
147100 -464.000000
147200 -464.000000
147300 -463.000000
147400 -464.000000
147500 -464.000000
147600 -465.000000
147700 -465.000000
147800 -463.000000
147900 -464.000000
148000 -463.000000
148100 -465.000000
148200 -463.000000
148300 -464.000000
148400 -464.000000
148500 -464.000000
148600 -463.000000
148700 -464.000000
148800 -464.000000
148900 -464.000000
149000 -464.000000
149100 -464.000000
149200 -464.000000
149300 -464.000000
149400 -464.000000
149500 -464.000000
149600 -464.000000
149700 -463.000000
149800 -464.000000
149900 -464.000000
150000 -464.000000
150100 -464.000000
150200 -463.000000
150300 -464.000000
150400 -464.000000
150500 -464.000000
150600 -464.000000
150700 -464.000000
150800 -464.000000
150900 -464.000000
151000 -464.000000
151100 -464.000000
151200 -465.000000
151300 -464.000000
151400 -464.000000
151500 -464.000000
151600 -464.000000
151700 -464.000000
151800 -464.000000
151900 -464.000000
152000 -464.000000
152100 -463.000000
152200 -464.000000
152300 -464.000000
152400 -464.000000
152500 -463.000000
152600 -463.000000
152700 -464.000000
152800 -464.000000
152900 -464.000000
153000 -464.000000
153100 -464.000000
153200 -463.000000
153300 -464.000000
153400 -464.000000
153500 -464.000000
153600 -464.000000
153700 -463.000000
153800 -464.000000
153900 -464.000000
154000 -464.000000
154100 -464.000000
154200 -464.000000
154300 -463.000000
154400 -464.000000
154500 -464.000000
154600 -464.000000
154700 -464.000000
154800 -464.000000
154900 -463.000000
155000 -464.000000
155100 -463.000000
155200 -464.000000
155300 -464.000000
155400 -464.000000
155500 -464.000000
155600 -464.000000
155700 -464.000000
155800 -464.000000
155900 -464.000000
156000 -464.000000
156100 -464.000000
156200 -464.000000
156300 -464.000000
156400 -464.000000
156500 -464.000000
156600 -464.000000
156700 -464.000000
156800 -464.000000
156900 -464.000000
157000 -464.000000
157100 -463.000000
157200 -463.000000
157300 -464.000000
157400 -463.000000
157500 -463.000000
157600 -464.000000
157700 -464.000000
157800 -464.000000
157900 -463.000000
158000 -464.000000
158100 -464.000000
158200 -464.000000
158300 -464.000000
158400 -464.000000
158500 -464.000000
158600 -464.000000
158700 -464.000000
158800 -464.000000
158900 -464.000000
159000 -463.000000
159100 -464.000000
159200 -463.000000
159300 -463.000000
159400 -464.000000
159500 -463.000000
159600 -464.000000
159700 -464.000000
159800 -463.000000
159900 -463.000000
160000 -464.000000
160100 -463.000000
160200 -464.000000
160300 -464.000000
160400 -464.000000
160500 -463.000000
160600 -464.000000
160700 -463.000000
160800 -464.000000
160900 -464.000000
161000 -464.000000
161100 -464.000000
161200 -463.000000
161300 -463.000000
161400 -464.000000
161500 -464.000000
161600 -464.000000
161700 -464.000000
161800 -464.000000
161900 -464.000000
162000 -463.000000
162100 -464.000000
162200 -464.000000
162300 -464.000000
162400 -464.000000
162500 -464.000000
162600 -464.000000
162700 -464.000000
162800 -464.000000
162900 -461.000000
163000 -464.000000
163100 -463.000000
163200 -464.000000
163300 -464.000000
163400 -464.000000
163500 -464.000000
163600 -464.000000
163700 -463.000000
163800 -464.000000
163900 -463.000000
164000 -464.000000
164100 -464.000000
164200 -463.000000
164300 -464.000000
164400 -463.000000
164500 -464.000000
164600 -464.000000
164700 -464.000000
164800 -464.000000
164900 -463.000000
165000 -464.000000
165100 -464.000000
165200 -464.000000
165300 -464.000000
165400 -464.000000
165500 -464.000000
165600 -464.000000
165700 -464.000000
165800 -464.000000
165900 -464.000000
166000 -463.000000
166100 -463.000000
166200 -464.000000
166300 -464.000000
166400 -463.000000
166500 -464.000000
166600 -464.000000
166700 -464.000000
166800 -462.000000
166900 -464.000000
167000 -464.000000
167100 -464.000000
167200 -464.000000
167300 -464.000000
167400 -463.000000
167500 -463.000000
167600 -464.000000
167700 -464.000000
167800 -464.000000
167900 -464.000000
168000 -464.000000
168100 -463.000000
168200 -464.000000
168300 -464.000000
168400 -464.000000
168500 -464.000000
168600 -463.000000
168700 -464.000000
168800 -464.000000
168900 -464.000000
169000 -464.000000
169100 -464.000000
169200 -464.000000
169300 -464.000000
169400 -464.000000
169500 -464.000000
169600 -464.000000
169700 -463.000000
169800 -464.000000
169900 -464.000000
170000 -464.000000
170100 -462.000000
170200 -464.000000
170300 -463.000000
170400 -464.000000
170500 -464.000000
170600 -464.000000
170700 -464.000000
170800 -464.000000
170900 -463.000000
171000 -464.000000
171100 -464.000000
171200 -464.000000
171300 -465.000000
171400 -463.000000
171500 -464.000000
171600 -464.000000
171700 -463.000000
171800 -464.000000
171900 -464.000000
172000 -464.000000
172100 -464.000000
172200 -464.000000
172300 -464.000000
172400 -463.000000
172500 -464.000000
172600 -464.000000
172700 -464.000000
172800 -464.000000
172900 -464.000000
173000 -464.000000
173100 -462.000000
173200 -464.000000
173300 -463.000000
173400 -464.000000
173500 -464.000000
173600 -464.000000
173700 -464.000000
173800 -464.000000
173900 -464.000000
174000 -464.000000
174100 -463.000000
174200 -462.000000
174300 -464.000000
174400 -464.000000
174500 -463.000000
174600 -464.000000
174700 -463.000000
174800 -464.000000
174900 -463.000000
175000 -464.000000
175100 -464.000000
175200 -463.000000
175300 -464.000000
175400 -463.000000
175500 -463.000000
175600 -464.000000
175700 -464.000000
175800 -463.000000
175900 -464.000000
176000 -464.000000
176100 -464.000000
176200 -464.000000
176300 -464.000000
176400 -464.000000
176500 -464.000000
176600 -464.000000
176700 -464.000000
176800 -464.000000
176900 -464.000000
177000 -464.000000
177100 -464.000000
177200 -464.000000
177300 -463.000000
177400 -464.000000
177500 -464.000000
177600 -464.000000
177700 -464.000000
177800 -464.000000
177900 -464.000000
178000 -464.000000
178100 -464.000000
178200 -464.000000
178300 -463.000000
178400 -463.000000
178500 -465.000000
178600 -464.000000
178700 -463.000000
178800 -464.000000
178900 -464.000000
179000 -464.000000
179100 -463.000000
179200 -463.000000
179300 -464.000000
179400 -464.000000
179500 -464.000000
179600 -464.000000
179700 -463.000000
179800 -463.000000
179900 -464.000000
180000 -463.000000
180100 -462.000000
180200 -464.000000
180300 -464.000000
180400 -464.000000
180500 -464.000000
180600 -463.000000
180700 -464.000000
180800 -464.000000
180900 -463.000000
181000 -463.000000
181100 -464.000000
181200 -464.000000
181300 -464.000000
181400 -464.000000
181500 -463.000000
181600 -464.000000
181700 -463.000000
181800 -464.000000
181900 -464.000000
182000 -462.000000
182100 -464.000000
182200 -464.000000
182300 -464.000000
182400 -464.000000
182500 -463.000000
182600 -464.000000
182700 -463.000000
182800 -464.000000
182900 -463.000000
183000 -463.000000
183100 -463.000000
183200 -464.000000
183300 -464.000000
183400 -462.000000
183500 -464.000000
183600 -464.000000
183700 -464.000000
183800 -464.000000
183900 -463.000000
184000 -464.000000
184100 -464.000000
184200 -463.000000
184300 -464.000000
184400 -464.000000
184500 -464.000000
184600 -464.000000
184700 -464.000000
184800 -464.000000
184900 -464.000000
185000 -464.000000
185100 -463.000000
185200 -463.000000
185300 -464.000000
185400 -464.000000
185500 -464.000000
185600 -463.000000
185700 -463.000000
185800 -464.000000
185900 -463.000000
186000 -464.000000
186100 -462.000000
186200 -464.000000
186300 -463.000000
186400 -464.000000
186500 -463.000000
186600 -464.000000
186700 -464.000000
186800 -464.000000
186900 -464.000000
187000 -464.000000
187100 -464.000000
187200 -464.000000
187300 -464.000000
187400 -463.000000
187500 -464.000000
187600 -463.000000
187700 -464.000000
187800 -463.000000
187900 -464.000000
188000 -463.000000
188100 -464.000000
188200 -463.000000
188300 -464.000000
188400 -464.000000
188500 -463.000000
188600 -462.000000
188700 -463.000000
188800 -464.000000
188900 -464.000000
189000 -464.000000
189100 -463.000000
189200 -463.000000
189300 -464.000000
189400 -463.000000
189500 -463.000000
189600 -464.000000
189700 -463.000000
189800 -464.000000
189900 -463.000000
190000 -463.000000
190100 -464.000000
190200 -463.000000
190300 -463.000000
190400 -463.000000
190500 -464.000000
190600 -463.000000
190700 -464.000000
190800 -464.000000
190900 -464.000000
191000 -464.000000
191100 -463.000000
191200 -463.000000
191300 -461.000000
191400 -457.000000
191500 -459.000000
191600 -461.000000
191700 -460.000000
191800 -460.000000
191900 -457.000000
192000 -463.000000
192100 -460.000000
192200 -448.000000
192300 -448.000000
192400 -448.000000
192500 -448.000000
192600 -448.000000
192700 -449.000000
192800 -448.000000
192900 -448.000000
193000 -448.000000
193100 -448.000000
193200 -448.000000
193300 -448.000000
193400 -448.000000
193500 -448.000000
193600 -447.000000
193700 -448.000000
193800 -448.000000
193900 -448.000000
194000 -448.000000
194100 -448.000000
194200 -448.000000
194300 -448.000000
194400 -448.000000
194500 -448.000000
194600 -448.000000
194700 -447.000000
194800 -448.000000
194900 -448.000000
195000 -448.000000
195100 -448.000000
195200 -448.000000
195300 -448.000000
195400 -448.000000
195500 -448.000000
195600 -448.000000
195700 -448.000000
195800 -446.000000
195900 -448.000000
196000 -448.000000
196100 -448.000000
196200 -447.000000
196300 -447.000000
196400 -446.000000
196500 -447.000000
196600 -447.000000
196700 -448.000000
196800 -448.000000
196900 -447.000000
197000 -447.000000
197100 -448.000000
197200 -447.000000
197300 -448.000000
197400 -448.000000
197500 -447.000000
197600 -446.000000
197700 -447.000000
197800 -448.000000
197900 -448.000000
198000 -447.000000
198100 -448.000000
198200 -448.000000
198300 -447.000000
198400 -448.000000
198500 -448.000000
198600 -448.000000
198700 -448.000000
198800 -448.000000
198900 -448.000000
199000 -448.000000
199100 -447.000000
199200 -448.000000
199300 -448.000000
199400 -448.000000
199500 -448.000000
199600 -446.000000
199700 -447.000000
199800 -447.000000
199900 -447.000000
