0 -1024.000000
100 -896.000000
200 -896.000000
300 -896.000000
400 -896.000000
500 -896.000000
600 -896.000000
700 -894.000000
800 -864.000000
900 -864.000000
1000 -864.000000
1100 -864.000000
1200 -864.000000
1300 -864.000000
1400 -864.000000
1500 -854.000000
1600 -862.000000
1700 -856.000000
1800 -847.000000
1900 -846.000000
2000 -862.000000
2100 -852.000000
2200 -833.000000
2300 -826.000000
2400 -824.000000
2500 -835.000000
2600 -820.000000
2700 -828.000000
2800 -831.000000
2900 -837.000000
3000 -834.000000
3100 -832.000000
3200 -798.000000
3300 -810.000000
3400 -805.000000
3500 -811.000000
3600 -810.000000
3700 -819.000000
3800 -808.000000
3900 -810.000000
4000 -811.000000
4100 -808.000000
4200 -818.000000
4300 -812.000000
4400 -810.000000
4500 -807.000000
4600 -797.000000
4700 -794.000000
4800 -794.000000
4900 -791.000000
5000 -795.000000
5100 -780.000000
5200 -789.000000
5300 -794.000000
5400 -785.000000
5500 -788.000000
5600 -790.000000
5700 -782.000000
5800 -786.000000
5900 -789.000000
6000 -785.000000
6100 -793.000000
6200 -794.000000
6300 -794.000000
6400 -790.000000
6500 -768.000000
6600 -768.000000
6700 -768.000000
6800 -768.000000
6900 -768.000000
7000 -768.000000
7100 -768.000000
7200 -768.000000
7300 -768.000000
7400 -768.000000
7500 -768.000000
7600 -768.000000
7700 -768.000000
7800 -768.000000
7900 -768.000000
8000 -768.000000
8100 -768.000000
8200 -768.000000
8300 -768.000000
8400 -768.000000
8500 -768.000000
8600 -765.000000
8700 -768.000000
8800 -768.000000
8900 -767.000000
9000 -768.000000
9100 -768.000000
9200 -765.000000
9300 -768.000000
9400 -768.000000
9500 -768.000000
9600 -767.000000
9700 -768.000000
9800 -768.000000
9900 -766.000000
10000 -767.000000
10100 -767.000000
10200 -768.000000
10300 -768.000000
10400 -768.000000
10500 -763.000000
10600 -768.000000
10700 -762.000000
10800 -768.000000
10900 -768.000000
11000 -767.000000
11100 -767.000000
11200 -764.000000
11300 -766.000000
11400 -767.000000
11500 -767.000000
11600 -767.000000
11700 -767.000000
11800 -763.000000
11900 -766.000000
12000 -767.000000
12100 -761.000000
12200 -766.000000
12300 -766.000000
12400 -767.000000
12500 -765.000000
12600 -767.000000
12700 -764.000000
12800 -768.000000
12900 -765.000000
13000 -768.000000
13100 -767.000000
13200 -767.000000
13300 -767.000000
13400 -767.000000
13500 -767.000000
13600 -767.000000
13700 -767.000000
13800 -767.000000
13900 -765.000000
14000 -762.000000
14100 -766.000000
14200 -768.000000
14300 -763.000000
14400 -765.000000
14500 -765.000000
14600 -768.000000
14700 -766.000000
14800 -764.000000
14900 -766.000000
15000 -764.000000
15100 -768.000000
15200 -766.000000
15300 -768.000000
15400 -768.000000
15500 -764.000000
15600 -765.000000
15700 -766.000000
15800 -767.000000
15900 -768.000000
16000 -768.000000
16100 -729.000000
16200 -732.000000
16300 -726.000000
16400 -703.000000
16500 -697.000000
16600 -704.000000
16700 -704.000000
16800 -704.000000
16900 -704.000000
17000 -704.000000
17100 -704.000000
17200 -704.000000
17300 -704.000000
17400 -704.000000
17500 -704.000000
17600 -704.000000
17700 -704.000000
17800 -704.000000
17900 -704.000000
18000 -685.000000
18100 -693.000000
18200 -684.000000
18300 -690.000000
18400 -685.000000
18500 -686.000000
18600 -680.000000
18700 -691.000000
18800 -693.000000
18900 -694.000000
19000 -686.000000
19100 -687.000000
19200 -690.000000
19300 -683.000000
19400 -669.000000
19500 -649.000000
19600 -660.000000
19700 -661.000000
19800 -660.000000
19900 -662.000000
20000 -653.000000
20100 -661.000000
20200 -654.000000
20300 -659.000000
20400 -654.000000
20500 -661.000000
20600 -651.000000
20700 -656.000000
20800 -660.000000
20900 -664.000000
21000 -657.000000
21100 -655.000000
21200 -661.000000
21300 -652.000000
21400 -650.000000
21500 -650.000000
21600 -646.000000
21700 -651.000000
21800 -650.000000
21900 -644.000000
22000 -650.000000
22100 -651.000000
22200 -647.000000
22300 -642.000000
22400 -649.000000
22500 -652.000000
22600 -647.000000
22700 -663.000000
22800 -657.000000
22900 -649.000000
23000 -651.000000
23100 -644.000000
23200 -651.000000
23300 -651.000000
23400 -644.000000
23500 -644.000000
23600 -645.000000
23700 -654.000000
23800 -650.000000
23900 -657.000000
24000 -641.000000
24100 -650.000000
24200 -652.000000
24300 -654.000000
24400 -650.000000
24500 -651.000000
24600 -652.000000
24700 -650.000000
24800 -651.000000
24900 -652.000000
25000 -655.000000
25100 -647.000000
25200 -648.000000
25300 -642.000000
25400 -645.000000
25500 -639.000000
25600 -645.000000
25700 -643.000000
25800 -646.000000
25900 -642.000000
26000 -640.000000
26100 -643.000000
26200 -643.000000
26300 -641.000000
26400 -641.000000
26500 -642.000000
26600 -645.000000
26700 -647.000000
26800 -649.000000
26900 -645.000000
27000 -638.000000
27100 -645.000000
27200 -644.000000
27300 -640.000000
27400 -638.000000
27500 -640.000000
27600 -642.000000
27700 -644.000000
27800 -640.000000
27900 -639.000000
28000 -641.000000
28100 -643.000000
28200 -642.000000
28300 -639.000000
28400 -640.000000
28500 -641.000000
28600 -640.000000
28700 -638.000000
28800 -640.000000
28900 -639.000000
29000 -643.000000
29100 -638.000000
29200 -641.000000
29300 -640.000000
29400 -641.000000
29500 -638.000000
29600 -638.000000
29700 -640.000000
29800 -640.000000
29900 -640.000000
30000 -640.000000
30100 -641.000000
30200 -642.000000
30300 -641.000000
30400 -638.000000
30500 -641.000000
30600 -640.000000
30700 -639.000000
30800 -640.000000
30900 -641.000000
31000 -642.000000
31100 -640.000000
31200 -642.000000
31300 -642.000000
31400 -640.000000
31500 -644.000000
31600 -641.000000
31700 -639.000000
31800 -640.000000
31900 -639.000000
32000 -640.000000
32100 -638.000000
32200 -639.000000
32300 -638.000000
32400 -642.000000
32500 -640.000000
32600 -640.000000
32700 -637.000000
32800 -640.000000
32900 -639.000000
33000 -640.000000
33100 -641.000000
33200 -640.000000
33300 -638.000000
33400 -643.000000
33500 -640.000000
33600 -642.000000
33700 -638.000000
33800 -643.000000
33900 -639.000000
34000 -640.000000
34100 -642.000000
34200 -641.000000
34300 -642.000000
34400 -642.000000
34500 -641.000000
34600 -640.000000
34700 -642.000000
34800 -639.000000
34900 -640.000000
35000 -640.000000
35100 -640.000000
35200 -639.000000
35300 -642.000000
35400 -641.000000
35500 -639.000000
35600 -644.000000
35700 -641.000000
35800 -641.000000
35900 -642.000000
36000 -639.000000
36100 -642.000000
36200 -639.000000
36300 -639.000000
36400 -638.000000
36500 -641.000000
36600 -640.000000
36700 -638.000000
36800 -640.000000
36900 -640.000000
37000 -640.000000
37100 -638.000000
37200 -637.000000
37300 -634.000000
37400 -637.000000
37500 -637.000000
37600 -636.000000
37700 -639.000000
37800 -637.000000
37900 -637.000000
38000 -637.000000
38100 -638.000000
38200 -637.000000
38300 -635.000000
38400 -640.000000
38500 -634.000000
38600 -640.000000
38700 -639.000000
38800 -639.000000
38900 -632.000000
39000 -640.000000
39100 -639.000000
39200 -640.000000
39300 -640.000000
39400 -636.000000
39500 -640.000000
39600 -640.000000
39700 -639.000000
39800 -640.000000
39900 -639.000000
40000 -639.000000
40100 -639.000000
40200 -639.000000
40300 -640.000000
40400 -638.000000
40500 -640.000000
40600 -639.000000
40700 -638.000000
40800 -640.000000
40900 -640.000000
41000 -640.000000
41100 -640.000000
41200 -640.000000
41300 -639.000000
41400 -640.000000
41500 -639.000000
41600 -639.000000
41700 -640.000000
41800 -639.000000
41900 -640.000000
42000 -639.000000
42100 -640.000000
42200 -640.000000
42300 -640.000000
42400 -637.000000
42500 -639.000000
42600 -640.000000
42700 -637.000000
42800 -638.000000
42900 -640.000000
43000 -640.000000
43100 -640.000000
43200 -640.000000
43300 -638.000000
43400 -635.000000
43500 -639.000000
43600 -639.000000
43700 -640.000000
43800 -638.000000
43900 -640.000000
44000 -640.000000
44100 -640.000000
44200 -640.000000
44300 -640.000000
44400 -638.000000
44500 -639.000000
44600 -639.000000
44700 -639.000000
44800 -638.000000
44900 -638.000000
45000 -640.000000
45100 -640.000000
45200 -639.000000
45300 -638.000000
45400 -639.000000
45500 -638.000000
45600 -639.000000
45700 -639.000000
45800 -639.000000
45900 -639.000000
46000 -639.000000
46100 -640.000000
46200 -639.000000
46300 -638.000000
46400 -640.000000
46500 -639.000000
46600 -638.000000
46700 -639.000000
46800 -639.000000
46900 -639.000000
47000 -637.000000
47100 -639.000000
47200 -638.000000
47300 -639.000000
47400 -636.000000
47500 -637.000000
47600 -637.000000
47700 -639.000000
47800 -640.000000
47900 -640.000000
48000 -640.000000
48100 -639.000000
48200 -640.000000
48300 -640.000000
48400 -640.000000
48500 -640.000000
48600 -639.000000
48700 -638.000000
48800 -640.000000
48900 -640.000000
49000 -640.000000
49100 -639.000000
49200 -639.000000
49300 -639.000000
49400 -638.000000
49500 -639.000000
49600 -639.000000
49700 -639.000000
49800 -640.000000
49900 -640.000000
50000 -638.000000
50100 -639.000000
50200 -638.000000
50300 -639.000000
50400 -638.000000
50500 -640.000000
50600 -639.000000
50700 -637.000000
50800 -639.000000
50900 -639.000000
51000 -640.000000
51100 -639.000000
51200 -634.000000
51300 -639.000000
51400 -639.000000
51500 -637.000000
51600 -638.000000
51700 -635.000000
51800 -639.000000
51900 -635.000000
52000 -633.000000
52100 -639.000000
52200 -629.000000
52300 -634.000000
52400 -639.000000
52500 -639.000000
52600 -640.000000
52700 -639.000000
52800 -639.000000
52900 -636.000000
53000 -637.000000
53100 -632.000000
53200 -632.000000
53300 -637.000000
53400 -636.000000
53500 -625.000000
53600 -640.000000
53700 -637.000000
53800 -639.000000
53900 -628.000000
54000 -638.000000
54100 -638.000000
54200 -633.000000
54300 -639.000000
54400 -639.000000
54500 -638.000000
54600 -639.000000
54700 -638.000000
54800 -636.000000
54900 -638.000000
55000 -638.000000
55100 -635.000000
55200 -636.000000
55300 -639.000000
55400 -636.000000
55500 -634.000000
55600 -637.000000
55700 -636.000000
55800 -638.000000
55900 -635.000000
56000 -638.000000
56100 -638.000000
56200 -637.000000
56300 -637.000000
56400 -633.000000
56500 -639.000000
56600 -635.000000
56700 -638.000000
56800 -639.000000
56900 -637.000000
57000 -631.000000
57100 -637.000000
57200 -637.000000
57300 -630.000000
57400 -639.000000
57500 -637.000000
57600 -635.000000
57700 -635.000000
57800 -636.000000
57900 -637.000000
58000 -637.000000
58100 -633.000000
58200 -634.000000
58300 -639.000000
58400 -639.000000
58500 -636.000000
58600 -638.000000
58700 -637.000000
58800 -639.000000
58900 -635.000000
59000 -639.000000
59100 -639.000000
59200 -639.000000
59300 -639.000000
59400 -637.000000
59500 -639.000000
59600 -635.000000
59700 -639.000000
59800 -631.000000
59900 -631.000000
60000 -635.000000
60100 -634.000000
60200 -632.000000
60300 -637.000000
60400 -638.000000
60500 -630.000000
60600 -633.000000
60700 -639.000000
60800 -637.000000
60900 -635.000000
61000 -633.000000
61100 -633.000000
61200 -636.000000
61300 -635.000000
61400 -639.000000
61500 -636.000000
61600 -631.000000
61700 -636.000000
61800 -638.000000
61900 -631.000000
62000 -634.000000
62100 -632.000000
62200 -633.000000
62300 -637.000000
62400 -633.000000
62500 -630.000000
62600 -637.000000
62700 -631.000000
62800 -636.000000
62900 -635.000000
63000 -638.000000
63100 -633.000000
63200 -630.000000
63300 -629.000000
63400 -634.000000
63500 -637.000000
63600 -636.000000
63700 -636.000000
63800 -630.000000
63900 -634.000000
64000 -636.000000
64100 -630.000000
64200 -639.000000
64300 -634.000000
64400 -633.000000
64500 -638.000000
64600 -632.000000
64700 -632.000000
64800 -637.000000
64900 -632.000000
65000 -638.000000
65100 -631.000000
65200 -629.000000
65300 -635.000000
65400 -631.000000
65500 -629.000000
65600 -631.000000
65700 -627.000000
65800 -631.000000
65900 -636.000000
66000 -640.000000
66100 -639.000000
66200 -627.000000
66300 -634.000000
66400 -629.000000
66500 -638.000000
66600 -637.000000
66700 -637.000000
66800 -639.000000
66900 -634.000000
67000 -635.000000
67100 -623.000000
67200 -639.000000
67300 -636.000000
67400 -636.000000
67500 -635.000000
67600 -635.000000
67700 -638.000000
67800 -635.000000
67900 -635.000000
68000 -636.000000
68100 -632.000000
68200 -637.000000
68300 -629.000000
68400 -638.000000
68500 -636.000000
68600 -632.000000
68700 -636.000000
68800 -637.000000
68900 -637.000000
69000 -639.000000
69100 -634.000000
69200 -639.000000
69300 -635.000000
69400 -633.000000
69500 -639.000000
69600 -638.000000
69700 -635.000000
69800 -640.000000
69900 -637.000000
70000 -633.000000
70100 -637.000000
70200 -634.000000
70300 -631.000000
70400 -634.000000
70500 -638.000000
70600 -638.000000
70700 -638.000000
70800 -634.000000
70900 -633.000000
71000 -638.000000
71100 -640.000000
71200 -632.000000
71300 -638.000000
71400 -629.000000
71500 -636.000000
71600 -635.000000
71700 -632.000000
71800 -639.000000
71900 -640.000000
72000 -633.000000
72100 -636.000000
72200 -639.000000
72300 -637.000000
72400 -638.000000
72500 -633.000000
72600 -633.000000
72700 -635.000000
72800 -633.000000
72900 -637.000000
73000 -637.000000
73100 -638.000000
73200 -636.000000
73300 -640.000000
73400 -634.000000
73500 -639.000000
73600 -637.000000
73700 -637.000000
73800 -636.000000
73900 -638.000000
74000 -638.000000
74100 -639.000000
74200 -639.000000
74300 -639.000000
74400 -637.000000
74500 -638.000000
74600 -639.000000
74700 -638.000000
74800 -637.000000
74900 -636.000000
75000 -639.000000
75100 -636.000000
75200 -639.000000
75300 -632.000000
75400 -638.000000
75500 -639.000000
75600 -638.000000
75700 -635.000000
75800 -638.000000
75900 -634.000000
76000 -635.000000
76100 -638.000000
76200 -639.000000
76300 -639.000000
76400 -640.000000
76500 -638.000000
76600 -640.000000
76700 -639.000000
76800 -639.000000
76900 -639.000000
77000 -640.000000
77100 -637.000000
77200 -634.000000
77300 -640.000000
77400 -632.000000
77500 -638.000000
77600 -639.000000
77700 -638.000000
77800 -625.000000
77900 -639.000000
78000 -630.000000
78100 -633.000000
78200 -637.000000
78300 -637.000000
78400 -634.000000
78500 -639.000000
78600 -639.000000
78700 -637.000000
78800 -637.000000
78900 -630.000000
79000 -632.000000
79100 -640.000000
79200 -635.000000
79300 -634.000000
79400 -639.000000
79500 -630.000000
79600 -639.000000
79700 -640.000000
79800 -635.000000
79900 -636.000000
80000 -634.000000
80100 -631.000000
80200 -639.000000
80300 -639.000000
80400 -636.000000
80500 -637.000000
80600 -639.000000
80700 -638.000000
80800 -639.000000
80900 -637.000000
81000 -635.000000
81100 -635.000000
81200 -638.000000
81300 -636.000000
81400 -636.000000
81500 -635.000000
81600 -632.000000
81700 -637.000000
81800 -634.000000
81900 -634.000000
82000 -636.000000
82100 -634.000000
82200 -637.000000
82300 -634.000000
82400 -636.000000
82500 -639.000000
82600 -637.000000
82700 -639.000000
82800 -639.000000
82900 -636.000000
83000 -636.000000
83100 -632.000000
83200 -638.000000
83300 -633.000000
83400 -636.000000
83500 -630.000000
83600 -632.000000
83700 -633.000000
83800 -639.000000
83900 -634.000000
84000 -638.000000
84100 -634.000000
84200 -637.000000
84300 -640.000000
84400 -637.000000
84500 -635.000000
84600 -634.000000
84700 -636.000000
84800 -636.000000
84900 -634.000000
85000 -637.000000
85100 -632.000000
85200 -629.000000
85300 -627.000000
85400 -632.000000
85500 -635.000000
85600 -638.000000
85700 -637.000000
85800 -633.000000
85900 -634.000000
86000 -637.000000
86100 -633.000000
86200 -639.000000
86300 -639.000000
86400 -637.000000
86500 -638.000000
86600 -635.000000
86700 -638.000000
86800 -637.000000
86900 -639.000000
87000 -638.000000
87100 -638.000000
87200 -636.000000
87300 -635.000000
87400 -639.000000
87500 -636.000000
87600 -639.000000
87700 -638.000000
87800 -638.000000
87900 -639.000000
88000 -637.000000
88100 -639.000000
88200 -639.000000
88300 -638.000000
88400 -637.000000
88500 -639.000000
88600 -633.000000
88700 -639.000000
88800 -630.000000
88900 -637.000000
89000 -639.000000
89100 -637.000000
89200 -634.000000
89300 -638.000000
89400 -632.000000
89500 -635.000000
89600 -634.000000
89700 -628.000000
89800 -639.000000
89900 -637.000000
90000 -638.000000
90100 -639.000000
90200 -639.000000
90300 -638.000000
90400 -636.000000
90500 -638.000000
90600 -637.000000
90700 -638.000000
90800 -638.000000
90900 -636.000000
91000 -635.000000
91100 -627.000000
91200 -637.000000
91300 -637.000000
91400 -632.000000
91500 -634.000000
91600 -635.000000
91700 -636.000000
91800 -632.000000
91900 -637.000000
92000 -632.000000
92100 -630.000000
92200 -629.000000
92300 -632.000000
92400 -634.000000
92500 -637.000000
92600 -632.000000
92700 -632.000000
92800 -634.000000
92900 -626.000000
93000 -633.000000
93100 -626.000000
93200 -636.000000
93300 -629.000000
93400 -632.000000
93500 -626.000000
93600 -628.000000
93700 -632.000000
93800 -637.000000
93900 -635.000000
94000 -626.000000
94100 -635.000000
94200 -635.000000
94300 -638.000000
94400 -632.000000
94500 -634.000000
94600 -637.000000
94700 -637.000000
94800 -631.000000
94900 -635.000000
95000 -639.000000
95100 -635.000000
95200 -629.000000
95300 -631.000000
95400 -637.000000
95500 -635.000000
95600 -624.000000
95700 -636.000000
95800 -634.000000
95900 -636.000000
96000 -640.000000
96100 -631.000000
96200 -624.000000
96300 -633.000000
96400 -627.000000
96500 -637.000000
96600 -635.000000
96700 -635.000000
96800 -636.000000
96900 -637.000000
97000 -636.000000
97100 -635.000000
97200 -637.000000
97300 -631.000000
97400 -637.000000
97500 -633.000000
97600 -636.000000
97700 -633.000000
97800 -636.000000
97900 -635.000000
98000 -633.000000
98100 -629.000000
98200 -636.000000
98300 -636.000000
98400 -636.000000
98500 -634.000000
98600 -633.000000
98700 -630.000000
98800 -635.000000
98900 -637.000000
99000 -634.000000
99100 -632.000000
99200 -634.000000
99300 -632.000000
99400 -627.000000
99500 -635.000000
99600 -635.000000
99700 -634.000000
99800 -632.000000
99900 -634.000000
100000 -638.000000
100100 -635.000000
100200 -633.000000
100300 -632.000000
100400 -637.000000
100500 -633.000000
100600 -637.000000
100700 -636.000000
100800 -635.000000
100900 -632.000000
101000 -636.000000
101100 -629.000000
101200 -636.000000
101300 -630.000000
101400 -631.000000
101500 -634.000000
101600 -637.000000
101700 -634.000000
101800 -634.000000
101900 -632.000000
102000 -627.000000
102100 -638.000000
102200 -639.000000
102300 -633.000000
102400 -635.000000
102500 -634.000000
102600 -631.000000
102700 -636.000000
102800 -632.000000
102900 -630.000000
103000 -638.000000
103100 -631.000000
103200 -638.000000
103300 -637.000000
103400 -637.000000
103500 -639.000000
103600 -637.000000
103700 -638.000000
103800 -637.000000
103900 -637.000000
104000 -640.000000
104100 -638.000000
104200 -632.000000
104300 -638.000000
104400 -639.000000
104500 -640.000000
104600 -637.000000
104700 -639.000000
104800 -634.000000
104900 -637.000000
105000 -638.000000
105100 -637.000000
105200 -635.000000
105300 -635.000000
105400 -633.000000
105500 -639.000000
105600 -635.000000
105700 -639.000000
105800 -634.000000
105900 -635.000000
106000 -634.000000
106100 -637.000000
106200 -633.000000
106300 -638.000000
106400 -638.000000
106500 -626.000000
106600 -631.000000
106700 -635.000000
106800 -633.000000
106900 -633.000000
107000 -640.000000
107100 -639.000000
107200 -637.000000
107300 -637.000000
107400 -631.000000
107500 -634.000000
107600 -633.000000
107700 -635.000000
107800 -635.000000
107900 -637.000000
108000 -638.000000
108100 -637.000000
108200 -635.000000
108300 -630.000000
108400 -631.000000
108500 -623.000000
108600 -636.000000
108700 -637.000000
108800 -638.000000
108900 -633.000000
109000 -636.000000
109100 -631.000000
109200 -632.000000
109300 -638.000000
109400 -639.000000
109500 -638.000000
109600 -634.000000
109700 -636.000000
109800 -639.000000
109900 -638.000000
110000 -639.000000
110100 -638.000000
110200 -633.000000
110300 -631.000000
110400 -633.000000
110500 -634.000000
110600 -634.000000
110700 -632.000000
110800 -622.000000
110900 -636.000000
111000 -638.000000
111100 -635.000000
111200 -636.000000
111300 -636.000000
111400 -629.000000
111500 -632.000000
111600 -626.000000
111700 -632.000000
111800 -630.000000
111900 -630.000000
112000 -632.000000
112100 -638.000000
112200 -634.000000
112300 -634.000000
112400 -634.000000
112500 -633.000000
112600 -633.000000
112700 -630.000000
112800 -638.000000
112900 -637.000000
113000 -634.000000
113100 -637.000000
113200 -635.000000
113300 -634.000000
113400 -631.000000
113500 -638.000000
113600 -631.000000
113700 -634.000000
113800 -629.000000
113900 -636.000000
114000 -636.000000
114100 -632.000000
114200 -636.000000
114300 -636.000000
114400 -634.000000
114500 -631.000000
114600 -635.000000
114700 -624.000000
114800 -636.000000
114900 -634.000000
115000 -626.000000
115100 -638.000000
115200 -636.000000
115300 -638.000000
115400 -636.000000
115500 -637.000000
115600 -632.000000
115700 -632.000000
115800 -631.000000
115900 -633.000000
116000 -638.000000
116100 -629.000000
116200 -631.000000
116300 -626.000000
116400 -626.000000
116500 -631.000000
116600 -637.000000
116700 -633.000000
116800 -631.000000
116900 -634.000000
117000 -639.000000
117100 -630.000000
117200 -637.000000
117300 -637.000000
117400 -635.000000
117500 -636.000000
117600 -632.000000
117700 -637.000000
117800 -638.000000
117900 -640.000000
118000 -633.000000
118100 -629.000000
118200 -635.000000
118300 -634.000000
118400 -631.000000
118500 -631.000000
118600 -635.000000
118700 -633.000000
118800 -632.000000
118900 -624.000000
119000 -639.000000
119100 -636.000000
119200 -635.000000
119300 -635.000000
119400 -624.000000
119500 -640.000000
119600 -636.000000
119700 -639.000000
119800 -635.000000
119900 -638.000000
120000 -636.000000
120100 -639.000000
120200 -634.000000
120300 -639.000000
120400 -628.000000
120500 -637.000000
120600 -638.000000
120700 -637.000000
120800 -632.000000
120900 -636.000000
121000 -637.000000
121100 -640.000000
121200 -633.000000
121300 -637.000000
121400 -636.000000
121500 -636.000000
121600 -638.000000
121700 -635.000000
121800 -634.000000
121900 -635.000000
122000 -638.000000
122100 -634.000000
122200 -638.000000
122300 -635.000000
122400 -639.000000
122500 -626.000000
122600 -638.000000
122700 -635.000000
122800 -637.000000
122900 -635.000000
123000 -635.000000
123100 -636.000000
123200 -631.000000
123300 -638.000000
123400 -637.000000
123500 -637.000000
123600 -633.000000
123700 -632.000000
123800 -630.000000
123900 -636.000000
124000 -638.000000
124100 -639.000000
124200 -639.000000
124300 -639.000000
124400 -635.000000
124500 -635.000000
124600 -633.000000
124700 -639.000000
124800 -638.000000
124900 -638.000000
125000 -632.000000
125100 -630.000000
125200 -637.000000
125300 -634.000000
125400 -635.000000
125500 -639.000000
125600 -633.000000
125700 -635.000000
125800 -633.000000
125900 -640.000000
126000 -630.000000
126100 -635.000000
126200 -632.000000
126300 -637.000000
126400 -637.000000
126500 -635.000000
126600 -637.000000
126700 -637.000000
126800 -627.000000
126900 -636.000000
127000 -636.000000
127100 -632.000000
127200 -637.000000
127300 -625.000000
127400 -633.000000
127500 -632.000000
127600 -635.000000
127700 -629.000000
127800 -632.000000
127900 -637.000000
128000 -631.000000
128100 -636.000000
128200 -638.000000
128300 -634.000000
128400 -635.000000
128500 -635.000000
128600 -633.000000
128700 -627.000000
128800 -631.000000
128900 -629.000000
129000 -631.000000
129100 -634.000000
129200 -636.000000
129300 -633.000000
129400 -629.000000
129500 -636.000000
129600 -637.000000
129700 -635.000000
129800 -637.000000
129900 -635.000000
130000 -635.000000
130100 -635.000000
130200 -635.000000
130300 -637.000000
130400 -633.000000
130500 -633.000000
130600 -630.000000
130700 -630.000000
130800 -634.000000
130900 -631.000000
131000 -636.000000
131100 -638.000000
131200 -627.000000
131300 -633.000000
131400 -639.000000
131500 -635.000000
131600 -636.000000
131700 -636.000000
131800 -635.000000
131900 -631.000000
132000 -639.000000
132100 -636.000000
132200 -632.000000
132300 -635.000000
132400 -634.000000
132500 -637.000000
132600 -631.000000
132700 -635.000000
132800 -636.000000
132900 -632.000000
133000 -634.000000
133100 -636.000000
133200 -635.000000
133300 -634.000000
133400 -634.000000
133500 -633.000000
133600 -634.000000
133700 -634.000000
133800 -636.000000
133900 -635.000000
134000 -631.000000
134100 -634.000000
134200 -634.000000
134300 -634.000000
134400 -632.000000
134500 -630.000000
134600 -639.000000
134700 -633.000000
134800 -635.000000
134900 -637.000000
135000 -634.000000
135100 -632.000000
135200 -638.000000
135300 -635.000000
135400 -626.000000
135500 -635.000000
135600 -637.000000
135700 -634.000000
135800 -633.000000
135900 -640.000000
136000 -632.000000
136100 -638.000000
136200 -627.000000
136300 -639.000000
136400 -637.000000
136500 -632.000000
136600 -638.000000
136700 -633.000000
136800 -640.000000
136900 -633.000000
137000 -639.000000
137100 -640.000000
137200 -639.000000
137300 -640.000000
137400 -636.000000
137500 -638.000000
137600 -638.000000
137700 -633.000000
137800 -636.000000
137900 -638.000000
138000 -636.000000
138100 -640.000000
138200 -635.000000
138300 -636.000000
138400 -634.000000
138500 -634.000000
138600 -635.000000
138700 -634.000000
138800 -636.000000
138900 -635.000000
139000 -635.000000
139100 -638.000000
139200 -632.000000
139300 -637.000000
139400 -633.000000
139500 -637.000000
139600 -638.000000
139700 -637.000000
139800 -629.000000
139900 -640.000000
140000 -636.000000
140100 -635.000000
140200 -637.000000
140300 -636.000000
140400 -638.000000
140500 -627.000000
140600 -634.000000
140700 -635.000000
140800 -635.000000
140900 -638.000000
141000 -639.000000
141100 -636.000000
141200 -639.000000
141300 -634.000000
141400 -636.000000
141500 -633.000000
141600 -631.000000
141700 -632.000000
141800 -630.000000
141900 -630.000000
142000 -638.000000
142100 -628.000000
142200 -635.000000
142300 -634.000000
142400 -636.000000
142500 -639.000000
142600 -626.000000
142700 -636.000000
142800 -629.000000
142900 -632.000000
143000 -639.000000
143100 -635.000000
143200 -633.000000
143300 -637.000000
143400 -639.000000
143500 -634.000000
143600 -640.000000
143700 -636.000000
143800 -633.000000
143900 -639.000000
144000 -626.000000
144100 -636.000000
144200 -626.000000
144300 -630.000000
144400 -638.000000
144500 -637.000000
144600 -630.000000
144700 -634.000000
144800 -635.000000
144900 -630.000000
145000 -633.000000
145100 -636.000000
145200 -636.000000
145300 -638.000000
145400 -630.000000
145500 -632.000000
145600 -631.000000
145700 -635.000000
145800 -635.000000
145900 -637.000000
146000 -634.000000
146100 -633.000000
146200 -637.000000
146300 -635.000000
146400 -639.000000
146500 -624.000000
146600 -632.000000
146700 -633.000000
146800 -637.000000
146900 -621.000000
147000 -630.000000
147100 -630.000000
147200 -633.000000
147300 -631.000000
147400 -633.000000
147500 -628.000000
147600 -630.000000
147700 -638.000000
147800 -637.000000
147900 -636.000000
148000 -637.000000
148100 -634.000000
148200 -631.000000
148300 -637.000000
148400 -626.000000
148500 -635.000000
148600 -632.000000
148700 -634.000000
148800 -633.000000
148900 -639.000000
149000 -635.000000
149100 -632.000000
149200 -630.000000
149300 -637.000000
149400 -636.000000
149500 -637.000000
149600 -635.000000
149700 -634.000000
149800 -638.000000
149900 -629.000000
150000 -637.000000
150100 -630.000000
150200 -634.000000
150300 -634.000000
150400 -640.000000
150500 -636.000000
150600 -633.000000
150700 -629.000000
150800 -635.000000
150900 -638.000000
151000 -635.000000
151100 -635.000000
151200 -635.000000
151300 -634.000000
151400 -632.000000
151500 -629.000000
151600 -636.000000
151700 -636.000000
151800 -639.000000
151900 -635.000000
152000 -632.000000
152100 -631.000000
152200 -633.000000
152300 -631.000000
152400 -632.000000
152500 -624.000000
152600 -628.000000
152700 -627.000000
152800 -635.000000
152900 -634.000000
153000 -637.000000
153100 -632.000000
153200 -636.000000
153300 -632.000000
153400 -635.000000
153500 -626.000000
153600 -636.000000
153700 -633.000000
153800 -637.000000
153900 -632.000000
154000 -631.000000
154100 -636.000000
154200 -635.000000
154300 -634.000000
154400 -634.000000
154500 -636.000000
154600 -637.000000
154700 -631.000000
154800 -636.000000
154900 -635.000000
155000 -635.000000
155100 -638.000000
155200 -637.000000
155300 -639.000000
155400 -639.000000
155500 -633.000000
155600 -630.000000
155700 -633.000000
155800 -633.000000
155900 -630.000000
156000 -635.000000
156100 -633.000000
156200 -630.000000
156300 -627.000000
156400 -639.000000
156500 -638.000000
156600 -629.000000
156700 -631.000000
156800 -636.000000
156900 -629.000000
157000 -632.000000
157100 -631.000000
157200 -636.000000
157300 -636.000000
157400 -635.000000
157500 -628.000000
157600 -630.000000
157700 -631.000000
157800 -637.000000
157900 -630.000000
158000 -635.000000
158100 -631.000000
158200 -637.000000
158300 -634.000000
158400 -633.000000
158500 -629.000000
158600 -633.000000
158700 -633.000000
158800 -639.000000
158900 -630.000000
159000 -636.000000
159100 -629.000000
159200 -635.000000
159300 -626.000000
159400 -633.000000
159500 -637.000000
159600 -634.000000
159700 -629.000000
159800 -636.000000
159900 -633.000000
160000 -634.000000
160100 -636.000000
160200 -630.000000
160300 -636.000000
160400 -639.000000
160500 -639.000000
160600 -637.000000
160700 -636.000000
160800 -637.000000
160900 -636.000000
161000 -637.000000
161100 -637.000000
161200 -635.000000
161300 -634.000000
161400 -638.000000
161500 -631.000000
161600 -634.000000
161700 -636.000000
161800 -638.000000
161900 -633.000000
162000 -639.000000
162100 -637.000000
162200 -639.000000
162300 -639.000000
162400 -639.000000
162500 -639.000000
162600 -639.000000
162700 -631.000000
162800 -639.000000
162900 -636.000000
163000 -634.000000
163100 -639.000000
163200 -639.000000
163300 -636.000000
163400 -632.000000
163500 -638.000000
163600 -638.000000
163700 -636.000000
163800 -639.000000
163900 -636.000000
164000 -636.000000
164100 -640.000000
164200 -637.000000
164300 -639.000000
164400 -637.000000
164500 -637.000000
164600 -637.000000
164700 -636.000000
164800 -639.000000
164900 -638.000000
165000 -637.000000
165100 -637.000000
165200 -635.000000
165300 -635.000000
165400 -633.000000
165500 -633.000000
165600 -634.000000
165700 -633.000000
165800 -635.000000
165900 -636.000000
166000 -637.000000
166100 -632.000000
166200 -635.000000
166300 -632.000000
166400 -635.000000
166500 -632.000000
166600 -636.000000
166700 -634.000000
166800 -631.000000
166900 -635.000000
167000 -638.000000
167100 -637.000000
167200 -639.000000
167300 -638.000000
167400 -635.000000
167500 -634.000000
167600 -632.000000
167700 -637.000000
167800 -639.000000
167900 -639.000000
168000 -633.000000
168100 -635.000000
168200 -638.000000
168300 -635.000000
168400 -639.000000
168500 -639.000000
168600 -633.000000
168700 -638.000000
168800 -638.000000
168900 -635.000000
169000 -637.000000
169100 -630.000000
169200 -632.000000
169300 -635.000000
169400 -637.000000
169500 -636.000000
169600 -637.000000
169700 -639.000000
169800 -630.000000
169900 -632.000000
170000 -634.000000
170100 -634.000000
170200 -632.000000
170300 -637.000000
170400 -639.000000
170500 -631.000000
170600 -631.000000
170700 -633.000000
170800 -638.000000
170900 -634.000000
171000 -637.000000
171100 -636.000000
171200 -636.000000
171300 -636.000000
171400 -632.000000
171500 -635.000000
171600 -631.000000
171700 -632.000000
171800 -633.000000
171900 -630.000000
172000 -634.000000
172100 -635.000000
172200 -630.000000
172300 -632.000000
172400 -630.000000
172500 -631.000000
172600 -630.000000
172700 -633.000000
172800 -636.000000
172900 -637.000000
173000 -632.000000
173100 -628.000000
173200 -636.000000
173300 -632.000000
173400 -634.000000
173500 -635.000000
173600 -632.000000
173700 -634.000000
173800 -631.000000
173900 -632.000000
174000 -635.000000
174100 -634.000000
174200 -628.000000
174300 -634.000000
174400 -637.000000
174500 -638.000000
174600 -638.000000
174700 -635.000000
174800 -638.000000
174900 -633.000000
175000 -635.000000
175100 -632.000000
175200 -638.000000
175300 -635.000000
175400 -636.000000
175500 -633.000000
175600 -639.000000
175700 -634.000000
175800 -629.000000
175900 -633.000000
176000 -638.000000
176100 -636.000000
176200 -633.000000
176300 -632.000000
176400 -630.000000
176500 -633.000000
176600 -632.000000
176700 -633.000000
176800 -632.000000
176900 -629.000000
177000 -632.000000
177100 -631.000000
177200 -629.000000
177300 -634.000000
177400 -634.000000
177500 -635.000000
177600 -628.000000
177700 -634.000000
177800 -639.000000
177900 -638.000000
178000 -639.000000
178100 -639.000000
178200 -637.000000
178300 -634.000000
178400 -637.000000
178500 -633.000000
178600 -635.000000
178700 -630.000000
178800 -626.000000
178900 -637.000000
179000 -632.000000
179100 -640.000000
179200 -637.000000
179300 -629.000000
179400 -636.000000
179500 -638.000000
179600 -637.000000
179700 -638.000000
179800 -634.000000
179900 -633.000000
180000 -637.000000
180100 -638.000000
180200 -631.000000
180300 -637.000000
180400 -637.000000
180500 -632.000000
180600 -637.000000
180700 -633.000000
180800 -637.000000
180900 -638.000000
181000 -636.000000
181100 -636.000000
181200 -638.000000
181300 -637.000000
181400 -633.000000
181500 -632.000000
181600 -639.000000
181700 -634.000000
181800 -636.000000
181900 -637.000000
182000 -637.000000
182100 -632.000000
182200 -634.000000
182300 -637.000000
182400 -634.000000
182500 -635.000000
182600 -633.000000
182700 -638.000000
182800 -633.000000
182900 -638.000000
183000 -635.000000
183100 -634.000000
183200 -634.000000
183300 -639.000000
183400 -638.000000
183500 -635.000000
183600 -628.000000
183700 -639.000000
183800 -633.000000
183900 -638.000000
184000 -631.000000
184100 -633.000000
184200 -631.000000
184300 -635.000000
184400 -637.000000
184500 -637.000000
184600 -638.000000
184700 -636.000000
184800 -633.000000
184900 -637.000000
185000 -633.000000
185100 -631.000000
185200 -634.000000
185300 -637.000000
185400 -637.000000
185500 -635.000000
185600 -632.000000
185700 -636.000000
185800 -631.000000
185900 -637.000000
186000 -629.000000
186100 -637.000000
186200 -633.000000
186300 -639.000000
186400 -636.000000
186500 -635.000000
186600 -629.000000
186700 -636.000000
186800 -634.000000
186900 -635.000000
187000 -634.000000
187100 -635.000000
187200 -636.000000
187300 -633.000000
187400 -636.000000
187500 -638.000000
187600 -637.000000
187700 -636.000000
187800 -624.000000
187900 -638.000000
188000 -637.000000
188100 -632.000000
188200 -636.000000
188300 -631.000000
188400 -634.000000
188500 -628.000000
188600 -638.000000
188700 -631.000000
188800 -635.000000
188900 -635.000000
189000 -638.000000
189100 -632.000000
189200 -637.000000
189300 -639.000000
189400 -634.000000
189500 -631.000000
189600 -635.000000
189700 -636.000000
189800 -639.000000
189900 -637.000000
190000 -634.000000
190100 -636.000000
190200 -631.000000
190300 -630.000000
190400 -635.000000
190500 -631.000000
190600 -634.000000
190700 -627.000000
190800 -631.000000
190900 -637.000000
191000 -639.000000
191100 -635.000000
191200 -632.000000
191300 -633.000000
191400 -631.000000
191500 -638.000000
191600 -638.000000
191700 -637.000000
191800 -637.000000
191900 -636.000000
192000 -636.000000
192100 -633.000000
192200 -638.000000
192300 -636.000000
192400 -636.000000
192500 -636.000000
192600 -638.000000
192700 -635.000000
192800 -639.000000
192900 -635.000000
193000 -636.000000
193100 -637.000000
193200 -636.000000
193300 -630.000000
193400 -639.000000
193500 -632.000000
193600 -633.000000
193700 -634.000000
193800 -636.000000
193900 -635.000000
194000 -635.000000
194100 -628.000000
194200 -636.000000
194300 -639.000000
194400 -636.000000
194500 -638.000000
194600 -631.000000
194700 -639.000000
194800 -626.000000
194900 -635.000000
195000 -636.000000
195100 -631.000000
195200 -632.000000
195300 -634.000000
195400 -638.000000
195500 -634.000000
195600 -636.000000
195700 -636.000000
195800 -632.000000
195900 -632.000000
196000 -633.000000
196100 -637.000000
196200 -633.000000
196300 -631.000000
196400 -633.000000
196500 -629.000000
196600 -637.000000
196700 -633.000000
196800 -638.000000
196900 -631.000000
197000 -634.000000
197100 -631.000000
197200 -632.000000
197300 -632.000000
197400 -635.000000
197500 -634.000000
197600 -635.000000
197700 -638.000000
197800 -638.000000
197900 -637.000000
198000 -636.000000
198100 -635.000000
198200 -632.000000
198300 -632.000000
198400 -639.000000
198500 -634.000000
198600 -636.000000
198700 -635.000000
198800 -632.000000
198900 -637.000000
199000 -638.000000
199100 -634.000000
199200 -636.000000
199300 -629.000000
199400 -631.000000
199500 -634.000000
199600 -639.000000
199700 -632.000000
199800 -638.000000
199900 -638.000000
