0 -1066.000000
100 -896.000000
200 -882.000000
300 -883.000000
400 -864.000000
500 -854.000000
600 -865.000000
700 -855.000000
800 -853.000000
900 -860.000000
1000 -828.000000
1100 -823.000000
1200 -829.000000
1300 -830.000000
1400 -800.000000
1500 -800.000000
1600 -798.000000
1700 -793.000000
1800 -800.000000
1900 -800.000000
2000 -800.000000
2100 -800.000000
2200 -800.000000
2300 -800.000000
2400 -798.000000
2500 -799.000000
2600 -800.000000
2700 -798.000000
2800 -800.000000
2900 -800.000000
3000 -800.000000
3100 -800.000000
3200 -799.000000
3300 -798.000000
3400 -800.000000
3500 -800.000000
3600 -800.000000
3700 -800.000000
3800 -800.000000
3900 -800.000000
4000 -800.000000
4100 -800.000000
4200 -784.000000
4300 -784.000000
4400 -784.000000
4500 -784.000000
4600 -784.000000
4700 -778.000000
4800 -785.000000
4900 -776.000000
5000 -773.000000
5100 -780.000000
5200 -779.000000
5300 -768.000000
5400 -761.000000
5500 -773.000000
5600 -778.000000
5700 -771.000000
5800 -769.000000
5900 -782.000000
6000 -773.000000
6100 -781.000000
6200 -770.000000
6300 -777.000000
6400 -771.000000
6500 -771.000000
6600 -776.000000
6700 -767.000000
6800 -763.000000
6900 -764.000000
7000 -772.000000
7100 -772.000000
7200 -781.000000
7300 -772.000000
7400 -772.000000
7500 -784.000000
7600 -779.000000
7700 -776.000000
7800 -772.000000
7900 -768.000000
8000 -780.000000
8100 -776.000000
8200 -772.000000
8300 -780.000000
8400 -778.000000
8500 -769.000000
8600 -773.000000
8700 -774.000000
8800 -768.000000
8900 -768.000000
9000 -768.000000
9100 -768.000000
9200 -767.000000
9300 -768.000000
9400 -765.000000
9500 -768.000000
9600 -768.000000
9700 -764.000000
9800 -755.000000
9900 -764.000000
10000 -768.000000
10100 -768.000000
10200 -768.000000
10300 -768.000000
10400 -768.000000
10500 -761.000000
10600 -763.000000
10700 -759.000000
10800 -756.000000
10900 -765.000000
11000 -766.000000
11100 -760.000000
11200 -764.000000
11300 -758.000000
11400 -765.000000
11500 -765.000000
11600 -757.000000
11700 -756.000000
11800 -762.000000
11900 -748.000000
12000 -743.000000
12100 -761.000000
12200 -764.000000
12300 -758.000000
12400 -747.000000
12500 -761.000000
12600 -763.000000
12700 -758.000000
12800 -763.000000
12900 -753.000000
13000 -751.000000
13100 -752.000000
13200 -752.000000
13300 -752.000000
13400 -752.000000
13500 -752.000000
13600 -752.000000
13700 -752.000000
13800 -727.000000
13900 -721.000000
14000 -716.000000
14100 -723.000000
14200 -723.000000
14300 -723.000000
14400 -728.000000
14500 -723.000000
14600 -726.000000
14700 -728.000000
14800 -719.000000
14900 -724.000000
15000 -726.000000
15100 -725.000000
15200 -720.000000
15300 -732.000000
15400 -726.000000
15500 -711.000000
15600 -725.000000
15700 -719.000000
15800 -728.000000
15900 -718.000000
16000 -726.000000
16100 -725.000000
16200 -723.000000
16300 -721.000000
16400 -722.000000
16500 -726.000000
16600 -717.000000
16700 -717.000000
16800 -719.000000
16900 -720.000000
17000 -718.000000
17100 -717.000000
17200 -720.000000
17300 -722.000000
17400 -723.000000
17500 -717.000000
17600 -717.000000
17700 -722.000000
17800 -724.000000
17900 -715.000000
18000 -717.000000
18100 -718.000000
18200 -723.000000
18300 -717.000000
18400 -721.000000
18500 -725.000000
18600 -718.000000
18700 -722.000000
18800 -721.000000
18900 -723.000000
19000 -724.000000
19100 -724.000000
19200 -723.000000
19300 -715.000000
19400 -724.000000
19500 -717.000000
19600 -717.000000
19700 -723.000000
19800 -724.000000
19900 -717.000000
20000 -712.000000
20100 -729.000000
20200 -725.000000
20300 -722.000000
20400 -718.000000
20500 -724.000000
20600 -723.000000
20700 -717.000000
20800 -727.000000
20900 -725.000000
21000 -719.000000
21100 -717.000000
21200 -721.000000
21300 -724.000000
21400 -727.000000
21500 -720.000000
21600 -723.000000
21700 -723.000000
21800 -722.000000
21900 -711.000000
22000 -720.000000
22100 -719.000000
22200 -716.000000
22300 -711.000000
22400 -712.000000
22500 -705.000000
22600 -723.000000
22700 -704.000000
22800 -725.000000
22900 -722.000000
23000 -720.000000
23100 -716.000000
23200 -711.000000
23300 -706.000000
23400 -712.000000
23500 -720.000000
23600 -713.000000
23700 -713.000000
23800 -722.000000
23900 -720.000000
24000 -719.000000
24100 -717.000000
24200 -709.000000
24300 -714.000000
24400 -714.000000
24500 -713.000000
24600 -714.000000
24700 -719.000000
24800 -721.000000
24900 -708.000000
25000 -716.000000
25100 -686.000000
25200 -715.000000
25300 -711.000000
25400 -714.000000
25500 -710.000000
25600 -716.000000
25700 -719.000000
25800 -715.000000
25900 -712.000000
26000 -718.000000
26100 -710.000000
26200 -718.000000
26300 -710.000000
26400 -712.000000
26500 -712.000000
26600 -716.000000
26700 -711.000000
26800 -716.000000
26900 -718.000000
27000 -718.000000
27100 -717.000000
27200 -713.000000
27300 -719.000000
27400 -712.000000
27500 -718.000000
27600 -711.000000
27700 -720.000000
27800 -717.000000
27900 -720.000000
28000 -719.000000
28100 -717.000000
28200 -718.000000
28300 -718.000000
28400 -719.000000
28500 -717.000000
28600 -715.000000
28700 -719.000000
28800 -717.000000
28900 -718.000000
29000 -716.000000
29100 -718.000000
29200 -716.000000
29300 -716.000000
29400 -720.000000
29500 -711.000000
29600 -710.000000
29700 -718.000000
29800 -713.000000
29900 -711.000000
30000 -716.000000
30100 -718.000000
30200 -719.000000
30300 -716.000000
30400 -716.000000
30500 -710.000000
30600 -718.000000
30700 -717.000000
30800 -718.000000
30900 -718.000000
31000 -718.000000
31100 -715.000000
31200 -725.000000
31300 -719.000000
31400 -716.000000
31500 -714.000000
31600 -713.000000
31700 -714.000000
31800 -718.000000
31900 -716.000000
32000 -725.000000
32100 -718.000000
32200 -722.000000
32300 -715.000000
32400 -714.000000
32500 -716.000000
32600 -718.000000
32700 -713.000000
32800 -718.000000
32900 -715.000000
33000 -711.000000
33100 -714.000000
33200 -716.000000
33300 -712.000000
33400 -640.000000
33500 -640.000000
33600 -640.000000
33700 -640.000000
33800 -640.000000
33900 -640.000000
34000 -640.000000
34100 -640.000000
34200 -640.000000
34300 -640.000000
34400 -640.000000
34500 -640.000000
34600 -640.000000
34700 -640.000000
34800 -640.000000
34900 -640.000000
35000 -640.000000
35100 -640.000000
35200 -640.000000
35300 -640.000000
35400 -640.000000
35500 -640.000000
35600 -640.000000
35700 -640.000000
35800 -640.000000
35900 -640.000000
36000 -640.000000
36100 -640.000000
36200 -640.000000
36300 -640.000000
36400 -640.000000
36500 -640.000000
36600 -640.000000
36700 -640.000000
36800 -640.000000
36900 -640.000000
37000 -640.000000
37100 -640.000000
37200 -640.000000
37300 -640.000000
37400 -640.000000
37500 -640.000000
37600 -640.000000
37700 -640.000000
37800 -640.000000
37900 -640.000000
38000 -640.000000
38100 -640.000000
38200 -640.000000
38300 -640.000000
38400 -640.000000
38500 -640.000000
38600 -636.000000
38700 -637.000000
38800 -638.000000
38900 -649.000000
39000 -648.000000
39100 -640.000000
39200 -640.000000
39300 -640.000000
39400 -640.000000
39500 -640.000000
39600 -640.000000
39700 -640.000000
39800 -640.000000
39900 -640.000000
40000 -640.000000
40100 -640.000000
40200 -640.000000
40300 -640.000000
40400 -640.000000
40500 -640.000000
40600 -640.000000
40700 -640.000000
40800 -640.000000
40900 -640.000000
41000 -640.000000
41100 -640.000000
41200 -640.000000
41300 -640.000000
41400 -640.000000
41500 -640.000000
41600 -640.000000
41700 -640.000000
41800 -640.000000
41900 -640.000000
42000 -640.000000
42100 -640.000000
42200 -640.000000
42300 -640.000000
42400 -640.000000
42500 -640.000000
42600 -640.000000
42700 -640.000000
42800 -640.000000
42900 -640.000000
43000 -640.000000
43100 -640.000000
43200 -640.000000
43300 -640.000000
43400 -640.000000
43500 -640.000000
43600 -640.000000
43700 -640.000000
43800 -640.000000
43900 -640.000000
44000 -640.000000
44100 -640.000000
44200 -640.000000
44300 -640.000000
44400 -640.000000
44500 -640.000000
44600 -640.000000
44700 -640.000000
44800 -640.000000
44900 -640.000000
45000 -640.000000
45100 -640.000000
45200 -640.000000
45300 -640.000000
45400 -640.000000
45500 -640.000000
45600 -640.000000
45700 -640.000000
45800 -640.000000
45900 -640.000000
46000 -640.000000
46100 -640.000000
46200 -640.000000
46300 -640.000000
46400 -640.000000
46500 -640.000000
46600 -640.000000
46700 -640.000000
46800 -640.000000
46900 -640.000000
47000 -640.000000
47100 -640.000000
47200 -640.000000
47300 -640.000000
47400 -640.000000
47500 -640.000000
47600 -640.000000
47700 -640.000000
47800 -640.000000
47900 -640.000000
48000 -640.000000
48100 -640.000000
48200 -640.000000
48300 -640.000000
48400 -640.000000
48500 -640.000000
48600 -640.000000
48700 -640.000000
48800 -640.000000
48900 -640.000000
49000 -640.000000
49100 -640.000000
49200 -640.000000
49300 -640.000000
49400 -640.000000
49500 -640.000000
49600 -640.000000
49700 -640.000000
49800 -640.000000
49900 -640.000000
50000 -640.000000
50100 -640.000000
50200 -640.000000
50300 -640.000000
50400 -640.000000
50500 -640.000000
50600 -640.000000
50700 -640.000000
50800 -640.000000
50900 -640.000000
51000 -640.000000
51100 -640.000000
51200 -640.000000
51300 -640.000000
51400 -640.000000
51500 -640.000000
51600 -640.000000
51700 -640.000000
51800 -640.000000
51900 -640.000000
52000 -640.000000
52100 -640.000000
52200 -640.000000
52300 -640.000000
52400 -640.000000
52500 -640.000000
52600 -640.000000
52700 -640.000000
52800 -640.000000
52900 -640.000000
53000 -640.000000
53100 -640.000000
53200 -640.000000
53300 -640.000000
53400 -640.000000
53500 -640.000000
53600 -640.000000
53700 -640.000000
53800 -640.000000
53900 -640.000000
54000 -640.000000
54100 -640.000000
54200 -640.000000
54300 -640.000000
54400 -640.000000
54500 -640.000000
54600 -638.000000
54700 -625.000000
54800 -640.000000
54900 -640.000000
55000 -640.000000
55100 -639.000000
55200 -635.000000
55300 -635.000000
55400 -634.000000
55500 -631.000000
55600 -630.000000
55700 -640.000000
55800 -623.000000
55900 -629.000000
56000 -622.000000
56100 -638.000000
56200 -640.000000
56300 -629.000000
56400 -639.000000
56500 -631.000000
56600 -638.000000
56700 -623.000000
56800 -630.000000
56900 -639.000000
57000 -625.000000
57100 -635.000000
57200 -639.000000
57300 -629.000000
57400 -626.000000
57500 -634.000000
57600 -621.000000
57700 -623.000000
57800 -632.000000
57900 -619.000000
58000 -628.000000
58100 -637.000000
58200 -629.000000
58300 -626.000000
58400 -633.000000
58500 -619.000000
58600 -628.000000
58700 -629.000000
58800 -635.000000
58900 -631.000000
59000 -627.000000
59100 -633.000000
59200 -635.000000
59300 -634.000000
59400 -634.000000
59500 -627.000000
59600 -640.000000
59700 -636.000000
59800 -636.000000
59900 -627.000000
60000 -629.000000
60100 -632.000000
60200 -622.000000
60300 -633.000000
60400 -628.000000
60500 -635.000000
60600 -626.000000
60700 -624.000000
60800 -630.000000
60900 -613.000000
61000 -624.000000
61100 -630.000000
61200 -630.000000
61300 -638.000000
61400 -610.000000
61500 -626.000000
61600 -626.000000
61700 -624.000000
61800 -617.000000
61900 -605.000000
62000 -628.000000
62100 -634.000000
62200 -628.000000
62300 -617.000000
62400 -634.000000
62500 -629.000000
62600 -616.000000
62700 -607.000000
62800 -612.000000
62900 -596.000000
63000 -610.000000
63100 -617.000000
63200 -617.000000
63300 -617.000000
63400 -609.000000
63500 -613.000000
63600 -594.000000
63700 -611.000000
63800 -584.000000
63900 -592.000000
64000 -595.000000
64100 -603.000000
64200 -600.000000
64300 -593.000000
64400 -584.000000
64500 -610.000000
64600 -582.000000
64700 -602.000000
64800 -603.000000
64900 -590.000000
65000 -581.000000
65100 -589.000000
65200 -590.000000
65300 -585.000000
65400 -592.000000
65500 -589.000000
65600 -590.000000
65700 -584.000000
65800 -582.000000
65900 -576.000000
66000 -576.000000
66100 -576.000000
66200 -576.000000
66300 -576.000000
66400 -576.000000
66500 -576.000000
66600 -576.000000
66700 -576.000000
66800 -576.000000
66900 -576.000000
67000 -575.000000
67100 -576.000000
67200 -576.000000
67300 -576.000000
67400 -576.000000
67500 -575.000000
67600 -579.000000
67700 -579.000000
67800 -579.000000
67900 -576.000000
68000 -573.000000
68100 -575.000000
68200 -574.000000
68300 -574.000000
68400 -573.000000
68500 -572.000000
68600 -574.000000
68700 -570.000000
68800 -576.000000
68900 -576.000000
69000 -576.000000
69100 -576.000000
69200 -576.000000
69300 -576.000000
69400 -576.000000
69500 -576.000000
69600 -576.000000
69700 -576.000000
69800 -576.000000
69900 -576.000000
70000 -576.000000
70100 -572.000000
70200 -573.000000
70300 -575.000000
70400 -576.000000
70500 -576.000000
70600 -574.000000
70700 -576.000000
70800 -576.000000
70900 -576.000000
71000 -566.000000
71100 -576.000000
71200 -576.000000
71300 -575.000000
71400 -576.000000
71500 -576.000000
71600 -574.000000
71700 -574.000000
71800 -570.000000
71900 -572.000000
72000 -576.000000
72100 -572.000000
72200 -575.000000
72300 -568.000000
72400 -567.000000
72500 -573.000000
72600 -573.000000
72700 -573.000000
72800 -571.000000
72900 -564.000000
73000 -576.000000
73100 -561.000000
73200 -562.000000
73300 -571.000000
73400 -567.000000
73500 -569.000000
73600 -566.000000
73700 -576.000000
73800 -559.000000
73900 -576.000000
74000 -576.000000
74100 -572.000000
74200 -573.000000
74300 -574.000000
74400 -572.000000
74500 -576.000000
74600 -576.000000
74700 -567.000000
74800 -572.000000
74900 -570.000000
75000 -573.000000
75100 -562.000000
75200 -575.000000
75300 -576.000000
75400 -575.000000
75500 -572.000000
75600 -564.000000
75700 -576.000000
75800 -570.000000
75900 -572.000000
76000 -576.000000
76100 -575.000000
76200 -567.000000
76300 -576.000000
76400 -576.000000
76500 -568.000000
76600 -576.000000
76700 -576.000000
76800 -569.000000
76900 -570.000000
77000 -575.000000
77100 -567.000000
77200 -575.000000
77300 -576.000000
77400 -576.000000
77500 -576.000000
77600 -576.000000
77700 -576.000000
77800 -572.000000
77900 -576.000000
78000 -576.000000
78100 -576.000000
78200 -574.000000
78300 -576.000000
78400 -576.000000
78500 -576.000000
78600 -576.000000
78700 -574.000000
78800 -571.000000
78900 -576.000000
79000 -574.000000
79100 -574.000000
79200 -576.000000
79300 -576.000000
79400 -570.000000
79500 -576.000000
79600 -569.000000
79700 -568.000000
79800 -576.000000
79900 -576.000000
80000 -573.000000
80100 -576.000000
80200 -576.000000
80300 -570.000000
80400 -574.000000
80500 -576.000000
80600 -576.000000
80700 -576.000000
80800 -576.000000
80900 -575.000000
81000 -574.000000
81100 -576.000000
81200 -566.000000
81300 -570.000000
81400 -576.000000
81500 -576.000000
81600 -572.000000
81700 -576.000000
81800 -573.000000
81900 -576.000000
82000 -576.000000
82100 -576.000000
82200 -576.000000
82300 -576.000000
82400 -576.000000
82500 -576.000000
82600 -576.000000
82700 -576.000000
82800 -576.000000
82900 -576.000000
83000 -576.000000
83100 -576.000000
83200 -576.000000
83300 -576.000000
83400 -576.000000
83500 -576.000000
83600 -576.000000
83700 -560.000000
83800 -575.000000
83900 -574.000000
84000 -569.000000
84100 -571.000000
84200 -564.000000
84300 -573.000000
84400 -576.000000
84500 -565.000000
84600 -574.000000
84700 -576.000000
84800 -576.000000
84900 -559.000000
85000 -576.000000
85100 -576.000000
85200 -576.000000
85300 -576.000000
85400 -574.000000
85500 -576.000000
85600 -562.000000
85700 -574.000000
85800 -574.000000
85900 -575.000000
86000 -576.000000
86100 -576.000000
86200 -574.000000
86300 -567.000000
86400 -576.000000
86500 -570.000000
86600 -576.000000
86700 -571.000000
86800 -573.000000
86900 -570.000000
87000 -576.000000
87100 -564.000000
87200 -571.000000
87300 -572.000000
87400 -576.000000
87500 -572.000000
87600 -576.000000
87700 -576.000000
87800 -571.000000
87900 -572.000000
88000 -574.000000
88100 -573.000000
88200 -575.000000
88300 -572.000000
88400 -572.000000
88500 -576.000000
88600 -567.000000
88700 -563.000000
88800 -574.000000
88900 -576.000000
89000 -576.000000
89100 -561.000000
89200 -563.000000
89300 -572.000000
89400 -571.000000
89500 -573.000000
89600 -576.000000
89700 -576.000000
89800 -576.000000
89900 -576.000000
90000 -576.000000
90100 -576.000000
90200 -576.000000
90300 -576.000000
90400 -576.000000
90500 -576.000000
90600 -576.000000
90700 -576.000000
90800 -576.000000
90900 -576.000000
91000 -576.000000
91100 -576.000000
91200 -576.000000
91300 -576.000000
91400 -575.000000
91500 -575.000000
91600 -563.000000
91700 -571.000000
91800 -564.000000
91900 -571.000000
92000 -574.000000
92100 -569.000000
92200 -559.000000
92300 -574.000000
92400 -573.000000
92500 -572.000000
92600 -572.000000
92700 -576.000000
92800 -576.000000
92900 -576.000000
93000 -568.000000
93100 -576.000000
93200 -569.000000
93300 -576.000000
93400 -563.000000
93500 -576.000000
93600 -558.000000
93700 -569.000000
93800 -576.000000
93900 -576.000000
94000 -564.000000
94100 -576.000000
94200 -574.000000
94300 -561.000000
94400 -567.000000
94500 -576.000000
94600 -562.000000
94700 -570.000000
94800 -571.000000
94900 -569.000000
95000 -565.000000
95100 -565.000000
95200 -576.000000
95300 -576.000000
95400 -570.000000
95500 -564.000000
95600 -576.000000
95700 -567.000000
95800 -574.000000
95900 -574.000000
96000 -575.000000
96100 -571.000000
96200 -575.000000
96300 -572.000000
96400 -576.000000
96500 -570.000000
96600 -576.000000
96700 -556.000000
96800 -553.000000
96900 -570.000000
97000 -573.000000
97100 -569.000000
97200 -574.000000
97300 -559.000000
97400 -564.000000
97500 -575.000000
97600 -547.000000
97700 -534.000000
97800 -535.000000
97900 -521.000000
98000 -532.000000
98100 -552.000000
98200 -548.000000
98300 -537.000000
98400 -542.000000
98500 -536.000000
98600 -524.000000
98700 -532.000000
98800 -546.000000
98900 -548.000000
99000 -534.000000
99100 -543.000000
99200 -554.000000
99300 -551.000000
99400 -543.000000
99500 -540.000000
99600 -543.000000
99700 -535.000000
99800 -552.000000
99900 -533.000000
100000 -537.000000
100100 -558.000000
100200 -551.000000
100300 -550.000000
100400 -547.000000
100500 -542.000000
100600 -552.000000
100700 -538.000000
100800 -556.000000
100900 -542.000000
101000 -536.000000
101100 -545.000000
101200 -546.000000
101300 -543.000000
101400 -547.000000
101500 -538.000000
101600 -541.000000
101700 -543.000000
101800 -539.000000
101900 -550.000000
102000 -548.000000
102100 -542.000000
102200 -546.000000
102300 -538.000000
102400 -541.000000
102500 -550.000000
102600 -539.000000
102700 -543.000000
102800 -542.000000
102900 -540.000000
103000 -547.000000
103100 -546.000000
103200 -544.000000
103300 -535.000000
103400 -542.000000
103500 -542.000000
103600 -547.000000
103700 -540.000000
103800 -539.000000
103900 -549.000000
104000 -536.000000
104100 -548.000000
104200 -547.000000
104300 -544.000000
104400 -541.000000
104500 -540.000000
104600 -541.000000
104700 -548.000000
104800 -538.000000
104900 -544.000000
105000 -548.000000
105100 -545.000000
105200 -533.000000
105300 -518.000000
105400 -522.000000
105500 -528.000000
105600 -522.000000
105700 -517.000000
105800 -517.000000
105900 -514.000000
106000 -519.000000
106100 -517.000000
106200 -520.000000
106300 -518.000000
106400 -524.000000
106500 -516.000000
106600 -523.000000
106700 -518.000000
106800 -522.000000
106900 -525.000000
107000 -523.000000
107100 -522.000000
107200 -516.000000
107300 -515.000000
107400 -520.000000
107500 -517.000000
107600 -519.000000
107700 -517.000000
107800 -519.000000
107900 -515.000000
108000 -520.000000
108100 -519.000000
108200 -518.000000
108300 -522.000000
108400 -520.000000
108500 -521.000000
108600 -519.000000
108700 -522.000000
108800 -516.000000
108900 -520.000000
109000 -516.000000
109100 -519.000000
109200 -519.000000
109300 -519.000000
109400 -518.000000
109500 -521.000000
109600 -520.000000
109700 -522.000000
109800 -519.000000
109900 -524.000000
110000 -517.000000
110100 -526.000000
110200 -522.000000
110300 -521.000000
110400 -519.000000
110500 -520.000000
110600 -522.000000
110700 -516.000000
110800 -521.000000
110900 -520.000000
111000 -518.000000
111100 -527.000000
111200 -520.000000
111300 -520.000000
111400 -516.000000
111500 -515.000000
111600 -517.000000
111700 -519.000000
111800 -517.000000
111900 -519.000000
112000 -517.000000
112100 -521.000000
112200 -516.000000
112300 -524.000000
112400 -522.000000
112500 -519.000000
112600 -520.000000
112700 -520.000000
112800 -521.000000
112900 -521.000000
113000 -519.000000
113100 -519.000000
113200 -518.000000
113300 -518.000000
113400 -517.000000
113500 -514.000000
113600 -521.000000
113700 -519.000000
113800 -507.000000
113900 -525.000000
114000 -535.000000
114100 -530.000000
114200 -519.000000
114300 -527.000000
114400 -517.000000
114500 -533.000000
114600 -541.000000
114700 -537.000000
114800 -542.000000
114900 -532.000000
115000 -533.000000
115100 -535.000000
115200 -537.000000
115300 -543.000000
115400 -536.000000
115500 -537.000000
115600 -534.000000
115700 -543.000000
115800 -536.000000
115900 -549.000000
116000 -540.000000
116100 -540.000000
116200 -539.000000
116300 -536.000000
116400 -543.000000
116500 -534.000000
116600 -525.000000
116700 -538.000000
116800 -537.000000
116900 -530.000000
117000 -538.000000
117100 -535.000000
117200 -539.000000
117300 -530.000000
117400 -540.000000
117500 -535.000000
117600 -534.000000
117700 -539.000000
117800 -532.000000
117900 -541.000000
118000 -534.000000
118100 -534.000000
118200 -536.000000
118300 -538.000000
118400 -539.000000
118500 -536.000000
118600 -535.000000
118700 -531.000000
118800 -534.000000
118900 -534.000000
119000 -531.000000
119100 -542.000000
119200 -531.000000
119300 -525.000000
119400 -521.000000
119500 -523.000000
119600 -522.000000
119700 -524.000000
119800 -520.000000
119900 -528.000000
120000 -524.000000
120100 -517.000000
120200 -522.000000
120300 -514.000000
120400 -522.000000
120500 -520.000000
120600 -519.000000
120700 -519.000000
120800 -518.000000
120900 -519.000000
121000 -525.000000
121100 -520.000000
121200 -519.000000
121300 -520.000000
121400 -522.000000
121500 -523.000000
121600 -519.000000
121700 -524.000000
121800 -521.000000
121900 -519.000000
122000 -521.000000
122100 -517.000000
122200 -522.000000
122300 -520.000000
122400 -525.000000
122500 -520.000000
122600 -519.000000
122700 -517.000000
122800 -523.000000
122900 -525.000000
123000 -519.000000
123100 -519.000000
123200 -519.000000
123300 -521.000000
123400 -518.000000
123500 -519.000000
123600 -526.000000
123700 -522.000000
123800 -521.000000
123900 -520.000000
124000 -515.000000
124100 -514.000000
124200 -515.000000
124300 -517.000000
124400 -515.000000
124500 -517.000000
124600 -518.000000
124700 -517.000000
124800 -516.000000
124900 -512.000000
125000 -515.000000
125100 -513.000000
125200 -513.000000
125300 -517.000000
125400 -517.000000
125500 -516.000000
125600 -519.000000
125700 -515.000000
125800 -518.000000
125900 -518.000000
126000 -517.000000
126100 -516.000000
126200 -514.000000
126300 -517.000000
126400 -518.000000
126500 -514.000000
126600 -512.000000
126700 -512.000000
126800 -512.000000
126900 -513.000000
127000 -513.000000
127100 -512.000000
127200 -514.000000
127300 -512.000000
127400 -512.000000
127500 -513.000000
127600 -512.000000
127700 -513.000000
127800 -513.000000
127900 -512.000000
128000 -513.000000
128100 -513.000000
128200 -514.000000
128300 -512.000000
128400 -512.000000
128500 -512.000000
128600 -512.000000
128700 -512.000000
128800 -512.000000
128900 -513.000000
129000 -513.000000
129100 -512.000000
129200 -515.000000
129300 -513.000000
129400 -513.000000
129500 -513.000000
129600 -512.000000
129700 -513.000000
129800 -512.000000
129900 -512.000000
130000 -512.000000
130100 -514.000000
130200 -513.000000
130300 -512.000000
130400 -513.000000
130500 -513.000000
130600 -512.000000
130700 -513.000000
130800 -513.000000
130900 -512.000000
131000 -514.000000
131100 -513.000000
131200 -513.000000
131300 -514.000000
131400 -513.000000
131500 -512.000000
131600 -512.000000
131700 -512.000000
131800 -512.000000
131900 -512.000000
132000 -513.000000
132100 -497.000000
132200 -512.000000
132300 -512.000000
132400 -511.000000
132500 -515.000000
132600 -507.000000
132700 -513.000000
132800 -498.000000
132900 -514.000000
133000 -514.000000
133100 -512.000000
133200 -512.000000
133300 -504.000000
133400 -516.000000
133500 -512.000000
133600 -506.000000
133700 -512.000000
133800 -514.000000
133900 -508.000000
134000 -513.000000
134100 -512.000000
134200 -512.000000
134300 -512.000000
134400 -512.000000
134500 -512.000000
134600 -512.000000
134700 -514.000000
134800 -514.000000
134900 -512.000000
135000 -513.000000
135100 -512.000000
135200 -512.000000
135300 -514.000000
135400 -512.000000
135500 -512.000000
135600 -512.000000
135700 -512.000000
135800 -513.000000
135900 -513.000000
136000 -512.000000
136100 -513.000000
136200 -513.000000
136300 -512.000000
136400 -513.000000
136500 -512.000000
136600 -514.000000
136700 -512.000000
136800 -513.000000
136900 -513.000000
137000 -512.000000
137100 -512.000000
137200 -512.000000
137300 -512.000000
137400 -512.000000
137500 -514.000000
137600 -513.000000
137700 -512.000000
137800 -512.000000
137900 -513.000000
138000 -513.000000
138100 -513.000000
138200 -513.000000
138300 -512.000000
138400 -515.000000
138500 -512.000000
138600 -512.000000
138700 -512.000000
138800 -512.000000
138900 -513.000000
139000 -513.000000
139100 -512.000000
139200 -513.000000
139300 -512.000000
139400 -513.000000
139500 -512.000000
139600 -512.000000
139700 -514.000000
139800 -510.000000
139900 -509.000000
140000 -509.000000
140100 -520.000000
140200 -507.000000
140300 -515.000000
140400 -517.000000
140500 -506.000000
140600 -517.000000
140700 -510.000000
140800 -512.000000
140900 -516.000000
141000 -514.000000
141100 -508.000000
141200 -522.000000
141300 -515.000000
141400 -511.000000
141500 -517.000000
141600 -518.000000
141700 -521.000000
141800 -512.000000
141900 -523.000000
142000 -508.000000
142100 -516.000000
142200 -523.000000
142300 -514.000000
142400 -520.000000
142500 -514.000000
142600 -514.000000
142700 -530.000000
142800 -523.000000
142900 -513.000000
143000 -529.000000
143100 -534.000000
143200 -529.000000
143300 -523.000000
143400 -518.000000
143500 -517.000000
143600 -524.000000
143700 -515.000000
143800 -526.000000
143900 -520.000000
144000 -526.000000
144100 -519.000000
144200 -525.000000
144300 -520.000000
144400 -523.000000
144500 -518.000000
144600 -518.000000
144700 -519.000000
144800 -521.000000
144900 -525.000000
145000 -509.000000
145100 -525.000000
145200 -518.000000
145300 -525.000000
145400 -523.000000
145500 -517.000000
145600 -522.000000
145700 -519.000000
145800 -521.000000
145900 -523.000000
146000 -521.000000
146100 -513.000000
146200 -519.000000
146300 -522.000000
146400 -520.000000
146500 -518.000000
146600 -523.000000
146700 -520.000000
146800 -522.000000
146900 -525.000000
147000 -521.000000
147100 -511.000000
147200 -523.000000
147300 -521.000000
147400 -522.000000
147500 -523.000000
147600 -519.000000
147700 -518.000000
147800 -508.000000
147900 -519.000000
148000 -519.000000
148100 -521.000000
148200 -524.000000
148300 -525.000000
148400 -522.000000
148500 -522.000000
148600 -515.000000
148700 -519.000000
148800 -528.000000
148900 -518.000000
149000 -524.000000
149100 -523.000000
149200 -523.000000
149300 -521.000000
149400 -521.000000
149500 -516.000000
149600 -518.000000
149700 -517.000000
149800 -520.000000
149900 -516.000000
150000 -520.000000
150100 -519.000000
150200 -518.000000
150300 -516.000000
150400 -519.000000
150500 -518.000000
150600 -521.000000
150700 -523.000000
150800 -523.000000
150900 -519.000000
151000 -520.000000
151100 -519.000000
151200 -520.000000
151300 -520.000000
151400 -524.000000
151500 -522.000000
151600 -518.000000
151700 -521.000000
151800 -522.000000
151900 -519.000000
152000 -518.000000
152100 -518.000000
152200 -517.000000
152300 -520.000000
152400 -516.000000
152500 -521.000000
152600 -521.000000
152700 -517.000000
152800 -522.000000
152900 -524.000000
153000 -521.000000
153100 -524.000000
153200 -520.000000
153300 -522.000000
153400 -521.000000
153500 -520.000000
153600 -524.000000
153700 -516.000000
153800 -521.000000
153900 -524.000000
154000 -521.000000
154100 -519.000000
154200 -520.000000
154300 -522.000000
154400 -519.000000
154500 -517.000000
154600 -522.000000
154700 -522.000000
154800 -518.000000
154900 -516.000000
155000 -520.000000
155100 -505.000000
155200 -515.000000
155300 -517.000000
155400 -520.000000
155500 -519.000000
155600 -516.000000
155700 -520.000000
155800 -515.000000
155900 -519.000000
156000 -521.000000
156100 -517.000000
156200 -518.000000
156300 -520.000000
156400 -511.000000
156500 -518.000000
156600 -515.000000
156700 -515.000000
156800 -516.000000
156900 -518.000000
157000 -514.000000
157100 -515.000000
157200 -520.000000
157300 -519.000000
157400 -516.000000
157500 -520.000000
157600 -519.000000
157700 -517.000000
157800 -515.000000
157900 -518.000000
158000 -516.000000
158100 -518.000000
158200 -518.000000
158300 -515.000000
158400 -519.000000
158500 -515.000000
158600 -512.000000
158700 -514.000000
158800 -513.000000
158900 -513.000000
159000 -513.000000
159100 -513.000000
159200 -515.000000
159300 -516.000000
159400 -514.000000
159500 -514.000000
159600 -515.000000
159700 -514.000000
159800 -514.000000
159900 -513.000000
160000 -513.000000
160100 -515.000000
160200 -513.000000
160300 -515.000000
160400 -515.000000
160500 -516.000000
160600 -514.000000
160700 -514.000000
160800 -513.000000
160900 -515.000000
161000 -513.000000
161100 -517.000000
161200 -513.000000
161300 -515.000000
161400 -512.000000
161500 -514.000000
161600 -513.000000
161700 -514.000000
161800 -514.000000
161900 -514.000000
162000 -512.000000
162100 -512.000000
162200 -514.000000
162300 -514.000000
162400 -514.000000
162500 -514.000000
162600 -513.000000
162700 -512.000000
162800 -514.000000
162900 -514.000000
163000 -516.000000
163100 -514.000000
163200 -514.000000
163300 -513.000000
163400 -514.000000
163500 -514.000000
163600 -516.000000
163700 -515.000000
163800 -515.000000
163900 -514.000000
164000 -515.000000
164100 -514.000000
164200 -515.000000
164300 -515.000000
164400 -515.000000
164500 -515.000000
164600 -513.000000
164700 -516.000000
164800 -513.000000
164900 -515.000000
165000 -509.000000
165100 -507.000000
165200 -508.000000
165300 -515.000000
165400 -519.000000
165500 -513.000000
165600 -512.000000
165700 -513.000000
165800 -513.000000
165900 -512.000000
166000 -516.000000
166100 -514.000000
166200 -505.000000
166300 -514.000000
166400 -513.000000
166500 -514.000000
166600 -512.000000
166700 -513.000000
166800 -512.000000
166900 -502.000000
167000 -514.000000
167100 -513.000000
167200 -513.000000
167300 -513.000000
167400 -514.000000
167500 -509.000000
167600 -512.000000
167700 -508.000000
167800 -507.000000
167900 -512.000000
168000 -513.000000
168100 -512.000000
168200 -514.000000
168300 -516.000000
168400 -515.000000
168500 -514.000000
168600 -513.000000
168700 -514.000000
168800 -514.000000
168900 -512.000000
169000 -513.000000
169100 -513.000000
169200 -514.000000
169300 -518.000000
169400 -513.000000
169500 -513.000000
169600 -514.000000
169700 -515.000000
169800 -516.000000
169900 -514.000000
170000 -514.000000
170100 -518.000000
170200 -516.000000
170300 -512.000000
170400 -512.000000
170500 -514.000000
170600 -497.000000
170700 -514.000000
170800 -515.000000
170900 -516.000000
171000 -506.000000
171100 -518.000000
171200 -515.000000
171300 -516.000000
171400 -516.000000
171500 -517.000000
171600 -516.000000
171700 -514.000000
171800 -522.000000
171900 -513.000000
172000 -513.000000
172100 -505.000000
172200 -515.000000
172300 -514.000000
172400 -516.000000
172500 -503.000000
172600 -517.000000
172700 -516.000000
172800 -521.000000
172900 -514.000000
173000 -512.000000
173100 -513.000000
173200 -515.000000
173300 -515.000000
173400 -516.000000
173500 -512.000000
173600 -514.000000
173700 -498.000000
173800 -518.000000
173900 -516.000000
174000 -514.000000
174100 -516.000000
174200 -511.000000
174300 -506.000000
174400 -515.000000
174500 -510.000000
174600 -519.000000
174700 -514.000000
174800 -514.000000
174900 -514.000000
175000 -513.000000
175100 -513.000000
175200 -511.000000
175300 -516.000000
175400 -514.000000
175500 -514.000000
175600 -509.000000
175700 -509.000000
175800 -517.000000
175900 -509.000000
176000 -512.000000
176100 -516.000000
176200 -516.000000
176300 -509.000000
176400 -507.000000
176500 -513.000000
176600 -517.000000
176700 -514.000000
176800 -516.000000
176900 -514.000000
177000 -517.000000
177100 -518.000000
177200 -515.000000
177300 -513.000000
177400 -506.000000
177500 -512.000000
177600 -512.000000
177700 -512.000000
177800 -512.000000
177900 -512.000000
178000 -512.000000
178100 -512.000000
178200 -512.000000
17