0 -1024.000000
100 -896.000000
200 -896.000000
300 -896.000000
400 -896.000000
500 -896.000000
600 -896.000000
700 -896.000000
800 -888.000000
900 -896.000000
1000 -895.000000
1100 -878.000000
1200 -866.000000
1300 -873.000000
1400 -873.000000
1500 -876.000000
1600 -869.000000
1700 -879.000000
1800 -873.000000
1900 -878.000000
2000 -877.000000
2100 -877.000000
2200 -864.000000
2300 -864.000000
2400 -864.000000
2500 -864.000000
2600 -832.000000
2700 -832.000000
2800 -832.000000
2900 -832.000000
3000 -832.000000
3100 -832.000000
3200 -832.000000
3300 -832.000000
3400 -832.000000
3500 -832.000000
3600 -832.000000
3700 -832.000000
3800 -832.000000
3900 -832.000000
4000 -832.000000
4100 -832.000000
4200 -832.000000
4300 -832.000000
4400 -832.000000
4500 -832.000000
4600 -832.000000
4700 -832.000000
4800 -832.000000
4900 -831.000000
5000 -832.000000
5100 -825.000000
5200 -831.000000
5300 -832.000000
5400 -832.000000
5500 -832.000000
5600 -820.000000
5700 -830.000000
5800 -819.000000
5900 -816.000000
6000 -824.000000
6100 -822.000000
6200 -832.000000
6300 -822.000000
6400 -821.000000
6500 -825.000000
6600 -828.000000
6700 -832.000000
6800 -824.000000
6900 -832.000000
7000 -783.000000
7100 -798.000000
7200 -786.000000
7300 -787.000000
7400 -779.000000
7500 -777.000000
7600 -785.000000
7700 -777.000000
7800 -786.000000
7900 -785.000000
8000 -778.000000
8100 -784.000000
8200 -782.000000
8300 -785.000000
8400 -780.000000
8500 -783.000000
8600 -776.000000
8700 -785.000000
8800 -783.000000
8900 -778.000000
9000 -788.000000
9100 -789.000000
9200 -785.000000
9300 -780.000000
9400 -781.000000
9500 -775.000000
9600 -785.000000
9700 -770.000000
9800 -779.000000
9900 -778.000000
10000 -788.000000
10100 -781.000000
10200 -786.000000
10300 -777.000000
10400 -789.000000
10500 -786.000000
10600 -771.000000
10700 -774.000000
10800 -776.000000
10900 -776.000000
11000 -777.000000
11100 -768.000000
11200 -767.000000
11300 -766.000000
11400 -768.000000
11500 -768.000000
11600 -767.000000
11700 -757.000000
11800 -766.000000
11900 -767.000000
12000 -761.000000
12100 -767.000000
12200 -768.000000
12300 -753.000000
12400 -767.000000
12500 -766.000000
12600 -747.000000
12700 -763.000000
12800 -767.000000
12900 -761.000000
13000 -767.000000
13100 -766.000000
13200 -766.000000
13300 -768.000000
13400 -766.000000
13500 -767.000000
13600 -767.000000
13700 -767.000000
13800 -766.000000
13900 -767.000000
14000 -767.000000
14100 -765.000000
14200 -768.000000
14300 -768.000000
14400 -766.000000
14500 -767.000000
14600 -767.000000
14700 -766.000000
14800 -767.000000
14900 -768.000000
15000 -765.000000
15100 -767.000000
15200 -767.000000
15300 -762.000000
15400 -763.000000
15500 -767.000000
15600 -767.000000
15700 -766.000000
15800 -763.000000
15900 -766.000000
16000 -768.000000
16100 -767.000000
16200 -767.000000
16300 -767.000000
16400 -766.000000
16500 -767.000000
16600 -768.000000
16700 -761.000000
16800 -760.000000
16900 -761.000000
17000 -767.000000
17100 -760.000000
17200 -767.000000
17300 -767.000000
17400 -767.000000
17500 -763.000000
17600 -751.000000
17700 -763.000000
17800 -767.000000
17900 -768.000000
18000 -762.000000
18100 -767.000000
18200 -768.000000
18300 -766.000000
18400 -750.000000
18500 -767.000000
18600 -767.000000
18700 -767.000000
18800 -767.000000
18900 -756.000000
19000 -768.000000
19100 -765.000000
19200 -763.000000
19300 -766.000000
19400 -765.000000
19500 -767.000000
19600 -736.000000
19700 -731.000000
19800 -734.000000
19900 -731.000000
20000 -737.000000
20100 -732.000000
20200 -732.000000
20300 -735.000000
20400 -733.000000
20500 -727.000000
20600 -731.000000
20700 -733.000000
20800 -726.000000
20900 -729.000000
21000 -730.000000
21100 -731.000000
21200 -734.000000
21300 -722.000000
21400 -729.000000
21500 -724.000000
21600 -723.000000
21700 -732.000000
21800 -740.000000
21900 -745.000000
22000 -726.000000
22100 -743.000000
22200 -735.000000
22300 -725.000000
22400 -735.000000
22500 -735.000000
22600 -738.000000
22700 -735.000000
22800 -743.000000
22900 -728.000000
23000 -738.000000
23100 -729.000000
23200 -731.000000
23300 -739.000000
23400 -733.000000
23500 -740.000000
23600 -732.000000
23700 -727.000000
23800 -719.000000
23900 -703.000000
24000 -704.000000
24100 -704.000000
24200 -704.000000
24300 -703.000000
24400 -704.000000
24500 -705.000000
24600 -705.000000
24700 -703.000000
24800 -704.000000
24900 -704.000000
25000 -705.000000
25100 -704.000000
25200 -703.000000
25300 -704.000000
25400 -704.000000
25500 -707.000000
25600 -705.000000
25700 -704.000000
25800 -705.000000
25900 -705.000000
26000 -702.000000
26100 -704.000000
26200 -704.000000
26300 -701.000000
26400 -702.000000
26500 -704.000000
26600 -703.000000
26700 -702.000000
26800 -703.000000
26900 -701.000000
27000 -701.000000
27100 -704.000000
27200 -701.000000
27300 -695.000000
27400 -689.000000
27500 -704.000000
27600 -701.000000
27700 -704.000000
27800 -704.000000
27900 -704.000000
28000 -704.000000
28100 -702.000000
28200 -696.000000
28300 -704.000000
28400 -703.000000
28500 -703.000000
28600 -703.000000
28700 -693.000000
28800 -700.000000
28900 -684.000000
29000 -697.000000
29100 -702.000000
29200 -697.000000
29300 -700.000000
29400 -702.000000
29500 -695.000000
29600 -699.000000
29700 -692.000000
29800 -698.000000
29900 -704.000000
30000 -679.000000
30100 -696.000000
30200 -686.000000
30300 -692.000000
30400 -700.000000
30500 -695.000000
30600 -698.000000
30700 -702.000000
30800 -689.000000
30900 -695.000000
31000 -695.000000
31100 -704.000000
31200 -704.000000
31300 -684.000000
31400 -687.000000
31500 -699.000000
31600 -692.000000
31700 -689.000000
31800 -682.000000
31900 -688.000000
32000 -693.000000
32100 -695.000000
32200 -695.000000
32300 -679.000000
32400 -700.000000
32500 -690.000000
32600 -698.000000
32700 -697.000000
32800 -704.000000
32900 -703.000000
33000 -694.000000
33100 -700.000000
33200 -700.000000
33300 -692.000000
33400 -699.000000
33500 -697.000000
33600 -703.000000
33700 -702.000000
33800 -698.000000
33900 -704.000000
34000 -704.000000
34100 -704.000000
34200 -693.000000
34300 -700.000000
34400 -693.000000
34500 -704.000000
34600 -686.000000
34700 -703.000000
34800 -702.000000
34900 -697.000000
35000 -696.000000
35100 -689.000000
35200 -691.000000
35300 -702.000000
35400 -703.000000
35500 -701.000000
35600 -698.000000
35700 -699.000000
35800 -692.000000
35900 -696.000000
36000 -687.000000
36100 -700.000000
36200 -687.000000
36300 -683.000000
36400 -702.000000
36500 -700.000000
36600 -699.000000
36700 -701.000000
36800 -705.000000
36900 -702.000000
37000 -703.000000
37100 -697.000000
37200 -704.000000
37300 -689.000000
37400 -704.000000
37500 -703.000000
37600 -696.000000
37700 -691.000000
37800 -690.000000
37900 -697.000000
38000 -699.000000
38100 -696.000000
38200 -701.000000
38300 -702.000000
38400 -703.000000
38500 -701.000000
38600 -698.000000
38700 -703.000000
38800 -681.000000
38900 -704.000000
39000 -704.000000
39100 -698.000000
39200 -699.000000
39300 -701.000000
39400 -696.000000
39500 -699.000000
39600 -702.000000
39700 -700.000000
39800 -704.000000
39900 -697.000000
40000 -703.000000
40100 -697.000000
40200 -699.000000
40300 -697.000000
40400 -701.000000
40500 -695.000000
40600 -691.000000
40700 -702.000000
40800 -694.000000
40900 -693.000000
41000 -687.000000
41100 -690.000000
41200 -694.000000
41300 -693.000000
41400 -700.000000
41500 -702.000000
41600 -695.000000
41700 -699.000000
41800 -704.000000
41900 -699.000000
42000 -698.000000
42100 -703.000000
42200 -698.000000
42300 -703.000000
42400 -696.000000
42500 -701.000000
42600 -701.000000
42700 -704.000000
42800 -704.000000
42900 -690.000000
43000 -698.000000
43100 -703.000000
43200 -700.000000
43300 -697.000000
43400 -704.000000
43500 -703.000000
43600 -704.000000
43700 -700.000000
43800 -700.000000
43900 -697.000000
44000 -691.000000
44100 -704.000000
44200 -699.000000
44300 -699.000000
44400 -702.000000
44500 -692.000000
44600 -702.000000
44700 -690.000000
44800 -698.000000
44900 -703.000000
45000 -697.000000
45100 -702.000000
45200 -703.000000
45300 -698.000000
45400 -702.000000
45500 -697.000000
45600 -691.000000
45700 -703.000000
45800 -703.000000
45900 -702.000000
46000 -703.000000
46100 -692.000000
46200 -698.000000
46300 -703.000000
46400 -703.000000
46500 -701.000000
46600 -703.000000
46700 -704.000000
46800 -699.000000
46900 -699.000000
47000 -703.000000
47100 -703.000000
47200 -703.000000
47300 -697.000000
47400 -704.000000
47500 -697.000000
47600 -697.000000
47700 -695.000000
47800 -700.000000
47900 -687.000000
48000 -698.000000
48100 -704.000000
48200 -703.000000
48300 -703.000000
48400 -690.000000
48500 -687.000000
48600 -696.000000
48700 -696.000000
48800 -699.000000
48900 -699.000000
49000 -704.000000
49100 -701.000000
49200 -701.000000
49300 -703.000000
49400 -692.000000
49500 -703.000000
49600 -701.000000
49700 -686.000000
49800 -704.000000
49900 -703.000000
50000 -704.000000
50100 -694.000000
50200 -701.000000
50300 -697.000000
50400 -700.000000
50500 -695.000000
50600 -694.000000
50700 -695.000000
50800 -692.000000
50900 -691.000000
51000 -689.000000
51100 -696.000000
51200 -701.000000
51300 -700.000000
51400 -696.000000
51500 -695.000000
51600 -703.000000
51700 -698.000000
51800 -701.000000
51900 -687.000000
52000 -699.000000
52100 -700.000000
52200 -699.000000
52300 -703.000000
52400 -704.000000
52500 -704.000000
52600 -704.000000
52700 -702.000000
52800 -704.000000
52900 -693.000000
53000 -703.000000
53100 -703.000000
53200 -703.000000
53300 -703.000000
53400 -702.000000
53500 -700.000000
53600 -703.000000
53700 -702.000000
53800 -703.000000
53900 -702.000000
54000 -704.000000
54100 -703.000000
54200 -694.000000
54300 -704.000000
54400 -700.000000
54500 -701.000000
54600 -703.000000
54700 -703.000000
54800 -701.000000
54900 -704.000000
55000 -701.000000
55100 -701.000000
55200 -704.000000
55300 -703.000000
55400 -697.000000
55500 -693.000000
55600 -703.000000
55700 -690.000000
55800 -685.000000
55900 -704.000000
56000 -687.000000
56100 -691.000000
56200 -703.000000
56300 -700.000000
56400 -697.000000
56500 -703.000000
56600 -704.000000
56700 -702.000000
56800 -683.000000
56900 -704.000000
57000 -696.000000
57100 -689.000000
57200 -695.000000
57300 -703.000000
57400 -703.000000
57500 -704.000000
57600 -702.000000
57700 -703.000000
57800 -693.000000
57900 -685.000000
58000 -691.000000
58100 -694.000000
58200 -701.000000
58300 -696.000000
58400 -677.000000
58500 -703.000000
58600 -694.000000
58700 -694.000000
58800 -688.000000
58900 -689.000000
59000 -704.000000
59100 -685.000000
59200 -702.000000
59300 -691.000000
59400 -685.000000
59500 -702.000000
59600 -704.000000
59700 -692.000000
59800 -704.000000
59900 -703.000000
60000 -682.000000
60100 -662.000000
60200 -676.000000
60300 -673.000000
60400 -695.000000
60500 -684.000000
60600 -676.000000
60700 -702.000000
60800 -697.000000
60900 -683.000000
61000 -700.000000
61100 -703.000000
61200 -703.000000
61300 -702.000000
61400 -701.000000
61500 -700.000000
61600 -703.000000
61700 -699.000000
61800 -702.000000
61900 -701.000000
62000 -701.000000
62100 -699.000000
62200 -695.000000
62300 -700.000000
62400 -702.000000
62500 -687.000000
62600 -692.000000
62700 -694.000000
62800 -692.000000
62900 -693.000000
63000 -695.000000
63100 -694.000000
63200 -697.000000
63300 -699.000000
63400 -690.000000
63500 -697.000000
63600 -704.000000
63700 -697.000000
63800 -691.000000
63900 -688.000000
64000 -700.000000
64100 -697.000000
64200 -691.000000
64300 -693.000000
64400 -699.000000
64500 -688.000000
64600 -697.000000
64700 -696.000000
64800 -699.000000
64900 -688.000000
65000 -696.000000
65100 -693.000000
65200 -694.000000
65300 -690.000000
65400 -694.000000
65500 -694.000000
65600 -698.000000
65700 -695.000000
65800 -702.000000
65900 -698.000000
66000 -701.000000
66100 -696.000000
66200 -687.000000
66300 -697.000000
66400 -691.000000
66500 -697.000000
66600 -697.000000
66700 -688.000000
66800 -697.000000
66900 -696.000000
67000 -700.000000
67100 -697.000000
67200 -693.000000
67300 -697.000000
67400 -696.000000
67500 -700.000000
67600 -698.000000
67700 -698.000000
67800 -698.000000
67900 -704.000000
68000 -697.000000
68100 -702.000000
68200 -694.000000
68300 -699.000000
68400 -700.000000
68500 -699.000000
68600 -703.000000
68700 -698.000000
68800 -693.000000
68900 -670.000000
69000 -702.000000
69100 -698.000000
69200 -691.000000
69300 -698.000000
69400 -694.000000
69500 -696.000000
69600 -696.000000
69700 -696.000000
69800 -700.000000
69900 -703.000000
70000 -702.000000
70100 -697.000000
70200 -690.000000
70300 -691.000000
70400 -689.000000
70500 -697.000000
70600 -701.000000
70700 -694.000000
70800 -689.000000
70900 -700.000000
71000 -703.000000
71100 -704.000000
71200 -695.000000
71300 -692.000000
71400 -698.000000
71500 -701.000000
71600 -696.000000
71700 -687.000000
71800 -687.000000
71900 -697.000000
72000 -685.000000
72100 -701.000000
72200 -703.000000
72300 -701.000000
72400 -693.000000
72500 -691.000000
72600 -693.000000
72700 -691.000000
72800 -700.000000
72900 -700.000000
73000 -696.000000
73100 -692.000000
73200 -685.000000
73300 -699.000000
73400 -703.000000
73500 -679.000000
73600 -692.000000
73700 -699.000000
73800 -700.000000
73900 -684.000000
74000 -684.000000
74100 -698.000000
74200 -688.000000
74300 -697.000000
74400 -694.000000
74500 -697.000000
74600 -684.000000
74700 -703.000000
74800 -701.000000
74900 -688.000000
75000 -685.000000
75100 -696.000000
75200 -690.000000
75300 -703.000000
75400 -689.000000
75500 -689.000000
75600 -690.000000
75700 -698.000000
75800 -703.000000
75900 -704.000000
76000 -704.000000
76100 -688.000000
76200 -690.000000
76300 -703.000000
76400 -697.000000
76500 -690.000000
76600 -703.000000
76700 -696.000000
76800 -676.000000
76900 -699.000000
77000 -695.000000
77100 -694.000000
77200 -686.000000
77300 -687.000000
77400 -694.000000
77500 -680.000000
77600 -672.000000
77700 -685.000000
77800 -646.000000
77900 -647.000000
78000 -660.000000
78100 -649.000000
78200 -659.000000
78300 -652.000000
78400 -649.000000
78500 -649.000000
78600 -650.000000
78700 -646.000000
78800 -650.000000
78900 -649.000000
79000 -655.000000
79100 -648.000000
79200 -652.000000
79300 -649.000000
79400 -652.000000
79500 -654.000000
79600 -650.000000
79700 -654.000000
79800 -656.000000
79900 -653.000000
80000 -650.000000
80100 -654.000000
80200 -656.000000
80300 -647.000000
80400 -653.000000
80500 -649.000000
80600 -649.000000
80700 -643.000000
80800 -651.000000
80900 -654.000000
81000 -652.000000
81100 -649.000000
81200 -649.000000
81300 -651.000000
81400 -651.000000
81500 -646.000000
81600 -647.000000
81700 -653.000000
81800 -654.000000
81900 -649.000000
82000 -652.000000
82100 -652.000000
82200 -653.000000
82300 -650.000000
82400 -649.000000
82500 -647.000000
82600 -651.000000
82700 -649.000000
82800 -650.000000
82900 -651.000000
83000 -648.000000
83100 -651.000000
83200 -646.000000
83300 -654.000000
83400 -643.000000
83500 -651.000000
83600 -650.000000
83700 -651.000000
83800 -644.000000
83900 -647.000000
84000 -651.000000
84100 -648.000000
84200 -653.000000
84300 -647.000000
84400 -649.000000
84500 -650.000000
84600 -648.000000
84700 -650.000000
84800 -642.000000
84900 -647.000000
85000 -642.000000
85100 -649.000000
85200 -646.000000
85300 -650.000000
85400 -649.000000
85500 -650.000000
85600 -648.000000
85700 -644.000000
85800 -652.000000
85900 -644.000000
86000 -648.000000
86100 -647.000000
86200 -649.000000
86300 -651.000000
86400 -647.000000
86500 -651.000000
86600 -652.000000
86700 -649.000000
86800 -651.000000
86900 -649.000000
87000 -650.000000
87100 -649.000000
87200 -648.000000
87300 -651.000000
87400 -651.000000
87500 -651.000000
87600 -645.000000
87700 -643.000000
87800 -651.000000
87900 -646.000000
88000 -642.000000
88100 -649.000000
88200 -648.000000
88300 -647.000000
88400 -650.000000
88500 -649.000000
88600 -645.000000
88700 -644.000000
88800 -650.000000
88900 -650.000000
89000 -646.000000
89100 -642.000000
89200 -647.000000
89300 -644.000000
89400 -643.000000
89500 -644.000000
89600 -644.000000
89700 -648.000000
89800 -646.000000
89900 -647.000000
90000 -647.000000
90100 -643.000000
90200 -644.000000
90300 -651.000000
90400 -644.000000
90500 -645.000000
90600 -644.000000
90700 -648.000000
90800 -637.000000
90900 -640.000000
91000 -638.000000
91100 -640.000000
91200 -640.000000
91300 -640.000000
91400 -639.000000
91500 -640.000000
91600 -640.000000
91700 -640.000000
91800 -640.000000
91900 -640.000000
92000 -638.000000
92100 -639.000000
92200 -639.000000
92300 -640.000000
92400 -640.000000
92500 -640.000000
92600 -640.000000
92700 -640.000000
92800 -640.000000
92900 -641.000000
93000 -640.000000
93100 -640.000000
93200 -640.000000
93300 -640.000000
93400 -640.000000
93500 -640.000000
93600 -641.000000
93700 -640.000000
93800 -640.000000
93900 -640.000000
94000 -640.000000
94100 -640.000000
94200 -640.000000
94300 -640.000000
94400 -640.000000
94500 -640.000000
94600 -640.000000
94700 -639.000000
94800 -640.000000
94900 -640.000000
95000 -640.000000
95100 -640.000000
95200 -640.000000
95300 -640.000000
95400 -640.000000
95500 -640.000000
95600 -640.000000
95700 -639.000000
95800 -640.000000
95900 -640.000000
96000 -640.000000
96100 -640.000000
96200 -640.000000
96300 -640.000000
96400 -640.000000
96500 -640.000000
96600 -640.000000
96700 -639.000000
96800 -640.000000
96900 -639.000000
97000 -640.000000
97100 -640.000000
97200 -639.000000
97300 -640.000000
97400 -640.000000
97500 -640.000000
97600 -639.000000
97700 -639.000000
97800 -640.000000
97900 -640.000000
98000 -640.000000
98100 -640.000000
98200 -640.000000
98300 -639.000000
98400 -638.000000
98500 -640.000000
98600 -639.000000
98700 -640.000000
98800 -639.000000
98900 -640.000000
99000 -640.000000
99100 -640.000000
99200 -639.000000
99300 -640.000000
99400 -640.000000
99500 -640.000000
99600 -639.000000
99700 -640.000000
99800 -640.000000
99900 -640.000000
100000 -639.000000
100100 -640.000000
100200 -640.000000
100300 -640.000000
100400 -640.000000
100500 -639.000000
100600 -639.000000
100700 -639.000000
100800 -640.000000
100900 -640.000000
101000 -640.000000
101100 -640.000000
101200 -638.000000
101300 -640.000000
101400 -640.000000
101500 -640.000000
101600 -640.000000
101700 -638.000000
101800 -640.000000
101900 -639.000000
102000 -640.000000
102100 -639.000000
102200 -638.000000
102300 -639.000000
102400 -640.000000
102500 -640.000000
102600 -640.000000
102700 -639.000000
102800 -640.000000
102900 -640.000000
103000 -639.000000
103100 -639.000000
103200 -639.000000
103300 -639.000000
103400 -640.000000
103500 -640.000000
103600 -640.000000
103700 -639.000000
103800 -640.000000
103900 -640.000000
104000 -640.000000
104100 -640.000000
104200 -639.000000
104300 -640.000000
104400 -639.000000
104500 -640.000000
104600 -640.000000
104700 -640.000000
104800 -639.000000
104900 -640.000000
105000 -639.000000
105100 -639.000000
105200 -639.000000
105300 -638.000000
105400 -639.000000
105500 -640.000000
105600 -640.000000
105700 -640.000000
105800 -640.000000
105900 -639.000000
106000 -636.000000
106100 -639.000000
106200 -638.000000
106300 -640.000000
106400 -639.000000
106500 -639.000000
106600 -640.000000
106700 -640.000000
106800 -640.000000
106900 -640.000000
107000 -639.000000
107100 -639.000000
107200 -639.000000
107300 -639.000000
107400 -640.000000
107500 -637.000000
107600 -639.000000
107700 -639.000000
107800 -639.000000
107900 -639.000000
108000 -640.000000
108100 -639.000000
108200 -640.000000
108300 -639.000000
108400 -640.000000
108500 -639.000000
108600 -639.000000
108700 -639.000000
108800 -640.000000
108900 -640.000000
109000 -635.000000
109100 -639.000000
109200 -639.000000
109300 -639.000000
109400 -639.000000
109500 -640.000000
109600 -639.000000
109700 -640.000000
109800 -640.000000
109900 -639.000000
110000 -640.000000
110100 -639.000000
110200 -639.000000
110300 -639.000000
110400 -638.000000
110500 -639.000000
110600 -639.000000
110700 -639.000000
110800 -640.000000
110900 -640.000000
111000 -640.000000
111100 -639.000000
111200 -639.000000
111300 -639.000000
111400 -639.000000
111500 -640.000000
111600 -638.000000
111700 -639.000000
111800 -639.000000
111900 -635.000000
112000 -639.000000
112100 -639.000000
112200 -639.000000
112300 -639.000000
112400 -640.000000
112500 -639.000000
112600 -639.000000
112700 -640.000000
112800 -640.000000
112900 -639.000000
113000 -639.000000
113100 -639.000000
113200 -640.000000
113300 -639.000000
113400 -639.000000
113500 -640.000000
113600 -640.000000
113700 -640.000000
113800 -639.000000
113900 -640.000000
114000 -638.000000
114100 -638.000000
114200 -639.000000
114300 -639.000000
114400 -635.000000
114500 -637.000000
114600 -637.000000
114700 -640.000000
114800 -639.000000
114900 -639.000000
115000 -638.000000
115100 -635.000000
115200 -635.000000
115300 -640.000000
115400 -634.000000
115500 -633.000000
115600 -636.000000
115700 -640.000000
115800 -638.000000
115900 -638.000000
116000 -638.000000
116100 -639.000000
116200 -640.000000
116300 -639.000000
116400 -640.000000
116500 -640.000000
116600 -639.000000
116700 -640.000000
116800 -640.000000
116900 -639.000000
117000 -639.000000
117100 -639.000000
117200 -639.000000
117300 -639.000000
117400 -640.000000
117500 -639.000000
117600 -640.000000
117700 -639.000000
117800 -639.000000
117900 -639.000000
118000 -640.000000
118100 -639.000000
118200 -639.000000
118300 -639.000000
118400 -640.000000
118500 -639.000000
118600 -640.000000
118700 -640.000000
118800 -640.000000
118900 -640.000000
119000 -639.000000
119100 -639.000000
119200 -639.000000
119300 -640.000000
119400 -639.000000
119500 -640.000000
119600 -640.000000
119700 -638.000000
119800 -639.000000
119900 -639.000000
120000 -639.000000
120100 -640.000000
120200 -639.000000
120300 -640.000000
120400 -639.000000
120500 -638.000000
120600 -639.000000
120700 -639.000000
120800 -640.000000
120900 -640.000000
121000 -640.000000
121100 -639.000000
121200 -640.000000
121300 -639.000000
121400 -640.000000
121500 -639.000000
121600 -639.000000
121700 -639.000000
121800 -639.000000
121900 -640.000000
122000 -639.000000
122100 -638.000000
122200 -639.000000
122300 -640.000000
122400 -640.000000
122500 -640.000000
122600 -639.000000
122700 -640.000000
122800 -639.000000
122900 -640.000000
123000 -640.000000
123100 -640.000000
123200 -638.000000
123300 -640.000000
123400 -639.000000
123500 -638.000000
123600 -640.000000
123700 -639.000000
123800 -639.000000
123900 -637.000000
124000 -639.000000
124100 -639.000000
124200 -638.000000
124300 -638.000000
124400 -639.000000
124500 -639.000000
124600 -639.000000
124700 -632.000000
124800 -639.000000
124900 -639.000000
125000 -640.000000
125100 -640.000000
125200 -640.000000
125300 -639.000000
125400 -640.000000
125500 -639.000000
125600 -639.000000
125700 -639.000000
125800 -638.000000
125900 -639.000000
126000 -640.000000
126100 -639.000000
126200 -639.000000
126300 -639.000000
126400 -639.000000
126500 -640.000000
126600 -640.000000
126700 -640.000000
126800 -640.000000
126900 -640.000000
127000 -639.000000
127100 -639.000000
127200 -639.000000
127300 -639.000000
127400 -639.000000
127500 -639.000000
127600 -639.000000
127700 -640.000000
127800 -640.000000
127900 -639.000000
128000 -633.000000
128100 -639.000000
128200 -637.000000
128300 -627.000000
128400 -639.000000
128500 -635.000000
128600 -633.000000
128700 -631.000000
128800 -636.000000
128900 -630.000000
129000 -629.000000
129100 -631.000000
129200 -615.000000
129300 -626.000000
129400 -640.000000
129500 -632.000000
129600 -621.000000
129700 -638.000000
129800 -639.000000
129900 -639.000000
130000 -639.000000
130100 -640.000000
130200 -639.000000
130300 -640.000000
130400 -638.000000
130500 -639.000000
130600 -639.000000
130700 -640.000000
130800 -640.000000
130900 -639.000000
131000 -639.000000
131100 -640.000000
131200 -638.000000
131300 -639.000000
131400 -640.000000
131500 -640.000000
131600 -640.000000
131700 -639.000000
131800 -639.000000
131900 -640.000000
132000 -640.000000
132100 -640.000000
132200 -640.000000
132300 -639.000000
132400 -639.000000
132500 -640.000000
132600 -640.000000
132700 -640.000000
132800 -640.000000
132900 -639.000000
133000 -640.000000
133100 -639.000000
133200 -639.000000
133300 -639.000000
133400 -640.000000
133500 -639.000000
133600 -639.000000
133700 -639.000000
133800 -639.000000
133900 -640.000000
134000 -639.000000
134100 -640.000000
134200 -640.000000
134300 -638.000000
134400 -640.000000
134500 -640.000000
134600 -639.000000
134700 -640.000000
134800 -640.000000
134900 -639.000000
135000 -640.000000
135100 -640.000000
135200 -640.000000
135300 -639.000000
135400 -639.000000
135500 -640.000000
135600 -640.000000
135700 -640.000000
135800 -639.000000
135900 -639.000000
136000 -640.000000
136100 -640.000000
136200 -639.000000
136300 -640.000000
136400 -639.000000
136500 -639.000000
136600 -639.000000
136700 -639.000000
136800 -640.000000
136900 -639.000000
137000 -639.000000
137100 -639.000000
137200 -640.000000
137300 -640.000000
137400 -638.000000
137500 -640.000000
137600 -638.000000
137700 -638.000000
137800 -640.000000
137900 -639.000000
138000 -639.000000
138100 -640.000000
138200 -640.000000
138300 -639.000000
138400 -638.000000
138500 -640.000000
138600 -639.000000
138700 -638.000000
138800 -639.000000
138900 -638.000000
139000 -640.000000
139100 -639.000000
139200 -640.000000
139300 -640.000000
139400 -640.000000
139500 -640.000000
139600 -639.000000
139700 -640.000000
139800 -640.000000
139900 -640.000000
140000 -640.000000
140100 -640.000000
140200 -640.000000
140300 -640.000000
140400 -639.000000
140500 -640.000000
140600 -639.000000
140700 -640.000000
140800 -640.000000
140900 -640.000000
141000 -640.000000
141100 -640.000000
141200 -639.000000
141300 -639.000000
141400 -640.000000
141500 -640.000000
141600 -640.000000
141700 -639.000000
141800 -639.000000
141900 -639.000000
142000 -639.000000
142100 -640.000000
142200 -639.000000
142300 -639.000000
142400 -640.000000
142500 -640.000000
142600 -640.000000
142700 -638.000000
142800 -639.000000
142900 -640.000000
143000 -640.000000
143100 -639.000000
143200 -640.000000
143300 -640.000000
143400 -640.000000
143500 -640.000000
143600 -639.000000
143700 -639.000000
143800 -639.000000
143900 -639.000000
144000 -639.000000
144100 -640.000000
144200 -639.000000
144300 -640.000000
144400 -640.000000
144500 -639.000000
144600 -639.000000
144700 -640.000000
144800 -640.000000
144900 -640.000000
145000 -640.000000
145100 -639.000000
145200 -640.000000
145300 -640.000000
145400 -638.000000
145500 -640.000000
145600 -640.000000
145700 -639.000000
145800 -639.000000
145900 -639.000000
146000 -640.000000
146100 -639.000000
146200 -639.000000
146300 -640.000000
146400 -639.000000
146500 -639.000000
146600 -639.000000
146700 -639.000000
146800 -639.000000
146900 -640.000000
147000 -638.000000
147100 -636.000000
147200 -628.000000
147300 -638.000000
147400 -639.000000
147500 -635.000000
147600 -637.000000
147700 -634.000000
147800 -634.000000
147900 -636.000000
148000 -634.000000
148100 -640.000000
148200 -636.000000
148300 -640.000000
148400 -639.000000
148500 -640.000000
148600 -640.000000
148700 -640.000000
148800 -639.000000
148900 -633.000000
149000 -632.000000
149100 -640.000000
149200 -640.000000
149300 -632.000000
149400 -636.000000
149500 -640.000000
149600 -634.000000
149700 -640.000000
149800 -638.000000
149900 -640.000000
150000 -640.000000
150100 -639.000000
150200 -632.000000
150300 -638.000000
150400 -640.000000
150500 -640.000000
150600 -639.000000
150700 -640.000000
150800 -640.000000
150900 -639.000000
151000 -639.000000
151100 -639.000000
151200 -640.000000
151300 -639.000000
151400 -639.000000
151500 -640.000000
151600 -639.000000
151700 -640.000000
151800 -640.000000
151900 -640.000000
152000 -640.000000
152100 -640.000000
152200 -640.000000
152300 -640.000000
152400 -639.000000
152500 -638.000000
152600 -640.000000
152700 -638.000000
152800 -639.000000
152900 -640.000000
153000 -640.000000
153100 -640.000000
153200 -640.000000
153300 -639.000000
153400 -640.000000
153500 -639.000000
153600 -639.000000
153700 -625.000000
153800 -638.000000
153900 -635.000000
154000 -640.000000
154100 -639.000000
154200 -639.000000
154300 -640.000000
154400 -639.000000
154500 -639.000000
154600 -626.000000
154700 -631.000000
154800 -633.000000
154900 -636.000000
155000 -640.000000
155100 -627.000000
155200 -639.000000
155300 -638.000000
155400 -640.000000
155500 -640.000000
155600 -639.000000
155700 -636.000000
155800 -630.000000
155900 -639.000000
156000 -638.000000
156100 -633.000000
156200 -639.000000
156300 -633.000000
156400 -640.000000
156500 -636.000000
156600 -635.000000
156700 -632.000000
156800 -640.000000
156900 -636.000000
157000 -634.000000
157100 -635.000000
157200 -633.000000
157300 -637.000000
157400 -636.000000
157500 -639.000000
157600 -639.000000
157700 -625.000000
157800 -634.000000
157900 -623.000000
158000 -639.000000
158100 -639.000000
158200 -635.000000
158300 -639.000000
158400 -640.000000
158500 -636.000000
158600 -640.000000
158700 -640.000000
158800 -627.000000
158900 -639.000000
159000 -640.000000
159100 -639.000000
159200 -639.000000
159300 -640.000000
159400 -639.000000
159500 -640.000000
159600 -638.000000
159700 -640.000000
159800 -639.000000
159900 -640.000000
160000 -640.000000
160100 -639.000000
160200 -639.000000
160300 -640.000000
160400 -639.000000
160500 -638.000000
160600 -637.000000
160700 -639.000000
160800 -639.000000
160900 -636.000000
161000 -639.000000
161100 -640.000000
161200 -639.000000
161300 -638.000000
161400 -639.000000
161500 -638.000000
161600 -639.000000
161700 -640.000000
161800 -639.000000
161900 -639.000000
162000 -640.000000
162100 -640.000000
162200 -637.000000
162300 -639.000000
162400 -640.000000
162500 -640.000000
162600 -637.000000
162700 -640.000000
162800 -639.000000
162900 -639.000000
163000 -639.000000
163100 -638.000000
163200 -640.000000
163300 -639.000000
163400 -640.000000
163500 -638.000000
163600 -640.000000
163700 -637.000000
163800 -640.000000
163900 -640.000000
164000 -638.000000
164100 -640.000000
164200 -639.000000
164300 -638.000000
164400 -639.000000
164500 -638.000000
164600 -639.000000
164700 -639.000000
164800 -639.000000
164900 -640.000000
165000 -639.000000
165100 -638.000000
165200 -639.000000
165300 -639.000000
165400 -639.000000
165500 -637.000000
165600 -640.000000
165700 -638.000000
165800 -640.000000
165900 -638.000000
166000 -640.000000
166100 -639.000000
166200 -640.000000
166300 -637.000000
166400 -640.000000
166500 -638.000000
166600 -640.000000
166700 -640.000000
166800 -639.000000
166900 -639.000000
167000 -638.000000
167100 -638.000000
167200 -639.000000
167300 -639.000000
167400 -639.000000
167500 -639.000000
167600 -639.000000
167700 -639.000000
167800 -639.000000
167900 -640.000000
168000 -640.000000
168100 -640.000000
168200 -639.000000
168300 -639.000000
168400 -638.000000
168500 -640.000000
168600 -638.000000
168700 -639.000000
168800 -639.000000
168900 -640.000000
169000 -639.000000
169100 -640.000000
169200 -639.000000
169300 -639.000000
169400 -639.000000
169500 -638.000000
169600 -636.000000
169700 -639.000000
169800 -640.000000
169900 -639.000000
170000 -638.000000
170100 -639.000000
170200 -639.000000
170300 -640.000000
170400 -638.000000
170500 -637.000000
170600 -639.000000
170700 -640.000000
170800 -639.000000
170900 -640.000000
171000 -639.000000
171100 -639.000000
171200 -639.000000
171300 -639.000000
171400 -639.000000
171500 -640.000000
171600 -639.000000
171700 -636.000000
171800 -639.000000
171900 -640.000000
172000 -639.000000
172100 -639.000000
172200 -639.000000
172300 -639.000000
172400 -639.000000
172500 -640.000000
172600 -640.000000
172700 -638.000000
172800 -639.000000
172900 -640.000000
173000 -639.000000
173100 -639.000000
173200 -639.000000
173300 -640.000000
173400 -639.000000
173500 -639.000000
173600 -639.000000
173700 -639.000000
173800 -638.000000
173900 -639.000000
174000 -639.000000
174100 -639.000000
174200 -639.000000
174300 -640.000000
174400 -640.000000
174500 -640.000000
174600 -638.000000
174700 -639.000000
174800 -638.000000
174900 -639.000000
175000 -638.000000
175100 -639.000000
175200 -639.000000
175300 -638.000000
175400 -640.000000
175500 -640.000000
175600 -640.000000
175700 -640.000000
175800 -638.000000
175900 -640.000000
176000 -640.000000
176100 -640.000000
176200 -638.000000
176300 -639.000000
176400 -639.000000
176500 -640.000000
176600 -638.000000
176700 -638.000000
176800 -640.000000
176900 -639.000000
177000 -640.000000
177100 -639.000000
177200 -639.000000
177300 -637.000000
177400 -639.000000
177500 -639.000000
177600 -639.000000
177700 -638.000000
177800 -638.000000
177900 -640.000000
178000 -639.000000
178100 -639.000000
178200 -638.000000
178300 -639.000000
178400 -639.000000
178500 -640.000000
178600 -638.000000
178700 -639.000000
178800 -640.000000
178900 -639.000000
179000 -639.000000
179100 -639.000000
179200 -638.000000
179300 -640.000000
179400 -639.000000
179500 -638.000000
179600 -639.000000
179700 -639.000000
179800 -640.000000
179900 -638.000000
180000 -638.000000
180100 -639.000000
180200 -639.000000
180300 -639.000000
180400 -638.000000
180500 -640.000000
180600 -640.000000
180700 -638.000000
180800 -639.000000
180900 -638.000000
181000 -640.000000
181100 -638.000000
181200 -639.000000
181300 -639.000000
181400 -637.000000
181500 -635.000000
181600 -637.000000
181700 -639.000000
181800 -638.000000
181900 -639.000000
182000 -639.000000
182100 -640.000000
182200 -633.000000
182300 -639.000000
182400 -640.000000
182500 -638.000000
182600 -639.000000
182700 -639.000000
182800 -639.000000
182900 -638.000000
183000 -640.000000
183100 -635.000000
183200 -636.000000
183300 -637.000000
183400 -638.000000
183500 -637.000000
183600 -637.000000
183700 -639.000000
183800 -639.000000
183900 -637.000000
184000 -640.000000
184100 -638.000000
184200 -639.000000
184300 -638.000000
184400 -639.000000
184500 -639.000000
184600 -633.000000
184700 -639.000000
184800 -638.000000
184900 -638.000000
185000 -639.000000
185100 -635.000000
185200 -639.000000
185300 -633.000000
185400 -626.000000
185500 -628.000000
185600 -627.000000
185700 -625.000000
185800 -623.000000
185900 -624.000000
186000 -628.000000
186100 -633.000000
186200 -629.000000
186300 -626.000000
186400 -623.000000
186500 -626.000000
186600 -625.000000
186700 -625.000000
186800 -631.000000
186900 -625.000000
187000 -624.000000
187100 -624.000000
187200 -629.000000
187300 -625.000000
187400 -625.000000
187500 -621.000000
187600 -623.000000
187700 -634.000000
187800 -625.000000
187900 -626.000000
188000 -621.000000
188100 -629.000000
188200 -622.000000
188300 -625.000000
188400 -629.000000
188500 -624.000000
188600 -623.000000
188700 -621.000000
188800 -624.000000
188900 -627.000000
189000 -625.000000
189100 -609.000000
189200 -608.000000
189300 -609.000000
189400 -610.000000
189500 -609.000000
189600 -611.000000
189700 -607.000000
189800 -608.000000
189900 -609.000000
190000 -607.000000
190100 -607.000000
190200 -608.000000
190300 -608.000000
190400 -608.000000
190500 -608.000000
190600 -608.000000
190700 -607.000000
190800 -608.000000
190900 -609.000000
191000 -609.000000
191100 -607.000000
191200 -607.000000
191300 -608.000000
191400 -608.000000
191500 -609.000000
191600 -609.000000
191700 -609.000000
191800 -608.000000
191900 -609.000000
192000 -608.000000
192100 -608.000000
192200 -608.000000
192300 -607.000000
192400 -608.000000
192500 -608.000000
192600 -610.000000
192700 -608.000000
192800 -608.000000
192900 -608.000000
193000 -608.000000
193100 -608.000000
193200 -608.000000
193300 -608.000000
193400 -608.000000
193500 -607.000000
193600 -609.000000
193700 -608.000000
193800 -609.000000
193900 -608.000000
194000 -609.000000
194100 -608.000000
194200 -608.000000
194300 -609.000000
194400 -608.000000
194500 -607.000000
194600 -607.000000
194700 -609.000000
194800 -608.000000
194900 -608.000000
195000 -606.000000
195100 -608.000000
195200 -608.000000
195300 -609.000000
195400 -607.000000
195500 -608.000000
195600 -607.000000
195700 -609.000000
195800 -607.000000
195900 -605.000000
196000 -607.000000
196100 -607.000000
196200 -608.000000
196300 -607.000000
196400 -608.000000
196500 -608.000000
196600 -606.000000
196700 -607.000000
196800 -607.000000
196900 -607.000000
197000 -608.000000
197100 -608.000000
197200 -607.000000
197300 -608.000000
197400 -608.000000
197500 -608.000000
197600 -608.000000
197700 -607.000000
197800 -607.000000
197900 -607.000000
198000 -607.000000
198100 -608.000000
198200 -608.000000
198300 -607.000000
198400 -607.000000
198500 -608.000000
198600 -607.000000
198700 -608.000000
198800 -607.000000
198900 -607.000000
199000 -607.000000
199100 -608.000000
199200 -607.000000
199300 -606.000000
199400 -608.000000
199500 -608.000000
199600 -607.000000
199700 -608.000000
199800 -608.000000
199900 -608.000000
