0 -1024.000000
100 -896.000000
200 -864.000000
300 -864.000000
400 -864.000000
500 -863.000000
600 -864.000000
700 -859.000000
800 -864.000000
900 -862.000000
1000 -861.000000
1100 -862.000000
1200 -859.000000
1300 -863.000000
1400 -861.000000
1500 -863.000000
1600 -863.000000
1700 -861.000000
1800 -863.000000
1900 -863.000000
2000 -863.000000
2100 -863.000000
2200 -854.000000
2300 -854.000000
2400 -848.000000
2500 -832.000000
2600 -817.000000
2700 -832.000000
2800 -832.000000
2900 -819.000000
3000 -832.000000
3100 -832.000000
3200 -832.000000
3300 -827.000000
3400 -828.000000
3500 -830.000000
3600 -832.000000
3700 -827.000000
3800 -831.000000
3900 -832.000000
4000 -832.000000
4100 -832.000000
4200 -832.000000
4300 -832.000000
4400 -832.000000
4500 -832.000000
4600 -832.000000
4700 -832.000000
4800 -832.000000
4900 -832.000000
5000 -832.000000
5100 -832.000000
5200 -832.000000
5300 -832.000000
5400 -832.000000
5500 -832.000000
5600 -832.000000
5700 -832.000000
5800 -832.000000
5900 -832.000000
6000 -832.000000
6100 -832.000000
6200 -832.000000
6300 -832.000000
6400 -832.000000
6500 -830.000000
6600 -832.000000
6700 -832.000000
6800 -832.000000
6900 -831.000000
7000 -832.000000
7100 -827.000000
7200 -822.000000
7300 -827.000000
7400 -827.000000
7500 -831.000000
7600 -826.000000
7700 -832.000000
7800 -828.000000
7900 -829.000000
8000 -828.000000
8100 -829.000000
8200 -832.000000
8300 -826.000000
8400 -819.000000
8500 -832.000000
8600 -826.000000
8700 -829.000000
8800 -826.000000
8900 -830.000000
9000 -829.000000
9100 -829.000000
9200 -832.000000
9300 -830.000000
9400 -832.000000
9500 -832.000000
9600 -832.000000
9700 -832.000000
9800 -832.000000
9900 -832.000000
10000 -832.000000
10100 -829.000000
10200 -831.000000
10300 -830.000000
10400 -823.000000
10500 -830.000000
10600 -831.000000
10700 -827.000000
10800 -831.000000
10900 -825.000000
11000 -821.000000
11100 -822.000000
11200 -831.000000
11300 -832.000000
11400 -831.000000
11500 -831.000000
11600 -831.000000
11700 -829.000000
11800 -826.000000
11900 -832.000000
12000 -830.000000
12100 -830.000000
12200 -831.000000
12300 -830.000000
12400 -831.000000
12500 -830.000000
12600 -830.000000
12700 -830.000000
12800 -830.000000
12900 -829.000000
13000 -831.000000
13100 -819.000000
13200 -829.000000
13300 -830.000000
13400 -828.000000
13500 -820.000000
13600 -832.000000
13700 -809.000000
13800 -811.000000
13900 -815.000000
14000 -824.000000
14100 -805.000000
14200 -812.000000
14300 -806.000000
14400 -825.000000
14500 -804.000000
14600 -803.000000
14700 -818.000000
14800 -823.000000
14900 -787.000000
15000 -808.000000
15100 -793.000000
15200 -817.000000
15300 -800.000000
15400 -801.000000
15500 -814.000000
15600 -806.000000
15700 -795.000000
15800 -805.000000
15900 -818.000000
16000 -793.000000
16100 -813.000000
16200 -808.000000
16300 -813.000000
16400 -804.000000
16500 -783.000000
16600 -808.000000
16700 -808.000000
16800 -803.000000
16900 -808.000000
17000 -808.000000
17100 -794.000000
17200 -808.000000
17300 -787.000000
17400 -808.000000
17500 -805.000000
17600 -805.000000
17700 -808.000000
17800 -808.000000
17900 -791.000000
18000 -802.000000
18100 -808.000000
18200 -802.000000
18300 -808.000000
18400 -795.000000
18500 -808.000000
18600 -799.000000
18700 -790.000000
18800 -804.000000
18900 -790.000000
19000 -807.000000
19100 -785.000000
19200 -785.000000
19300 -808.000000
19400 -797.000000
19500 -802.000000
19600 -805.000000
19700 -794.000000
19800 -795.000000
19900 -808.000000
20000 -794.000000
20100 -802.000000
20200 -799.000000
20300 -799.000000
20400 -797.000000
20500 -803.000000
20600 -801.000000
20700 -798.000000
20800 -796.000000
20900 -799.000000
21000 -799.000000
21100 -802.000000
21200 -800.000000
21300 -798.000000
21400 -808.000000
21500 -794.000000
21600 -791.000000
21700 -791.000000
21800 -805.000000
21900 -806.000000
22000 -806.000000
22100 -788.000000
22200 -797.000000
22300 -792.000000
22400 -789.000000
22500 -789.000000
22600 -797.000000
22700 -800.000000
22800 -806.000000
22900 -800.000000
23000 -808.000000
23100 -783.000000
23200 -793.000000
23300 -808.000000
23400 -808.000000
23500 -797.000000
23600 -808.000000
23700 -795.000000
23800 -788.000000
23900 -786.000000
24000 -786.000000
24100 -799.000000
24200 -785.000000
24300 -800.000000
24400 -794.000000
24500 -808.000000
24600 -808.000000
24700 -801.000000
24800 -801.000000
24900 -799.000000
25000 -808.000000
25100 -802.000000
25200 -797.000000
25300 -792.000000
25400 -804.000000
25500 -802.000000
25600 -794.000000
25700 -789.000000
25800 -808.000000
25900 -808.000000
26000 -808.000000
26100 -808.000000
26200 -791.000000
26300 -794.000000
26400 -802.000000
26500 -768.000000
26600 -768.000000
26700 -768.000000
26800 -768.000000
26900 -768.000000
27000 -768.000000
27100 -768.000000
27200 -768.000000
27300 -768.000000
27400 -768.000000
27500 -768.000000
27600 -768.000000
27700 -768.000000
27800 -768.000000
27900 -768.000000
28000 -768.000000
28100 -768.000000
28200 -768.000000
28300 -768.000000
28400 -768.000000
28500 -768.000000
28600 -768.000000
28700 -768.000000
28800 -768.000000
28900 -768.000000
29000 -768.000000
29100 -768.000000
29200 -768.000000
29300 -768.000000
29400 -768.000000
29500 -768.000000
29600 -768.000000
29700 -768.000000
29800 -768.000000
29900 -768.000000
30000 -768.000000
30100 -768.000000
30200 -768.000000
30300 -768.000000
30400 -768.000000
30500 -768.000000
30600 -768.000000
30700 -768.000000
30800 -768.000000
30900 -768.000000
31000 -768.000000
31100 -768.000000
31200 -768.000000
31300 -768.000000
31400 -768.000000
31500 -768.000000
31600 -768.000000
31700 -768.000000
31800 -768.000000
31900 -768.000000
32000 -768.000000
32100 -768.000000
32200 -768.000000
32300 -768.000000
32400 -768.000000
32500 -768.000000
32600 -768.000000
32700 -768.000000
32800 -768.000000
32900 -768.000000
33000 -768.000000
33100 -768.000000
33200 -768.000000
33300 -768.000000
33400 -766.000000
33500 -768.000000
33600 -768.000000
33700 -766.000000
33800 -768.000000
33900 -768.000000
34000 -768.000000
34100 -768.000000
34200 -768.000000
34300 -767.000000
34400 -767.000000
34500 -767.000000
34600 -768.000000
34700 -768.000000
34800 -768.000000
34900 -768.000000
35000 -768.000000
35100 -768.000000
35200 -768.000000
35300 -767.000000
35400 -768.000000
35500 -767.000000
35600 -768.000000
35700 -767.000000
35800 -766.000000
35900 -768.000000
36000 -768.000000
36100 -768.000000
36200 -768.000000
36300 -768.000000
36400 -768.000000
36500 -768.000000
36600 -767.000000
36700 -768.000000
36800 -767.000000
36900 -768.000000
37000 -768.000000
37100 -768.000000
37200 -767.000000
37300 -768.000000
37400 -768.000000
37500 -767.000000
37600 -767.000000
37700 -768.000000
37800 -768.000000
37900 -766.000000
38000 -767.000000
38100 -768.000000
38200 -768.000000
38300 -768.000000
38400 -767.000000
38500 -766.000000
38600 -767.000000
38700 -767.000000
38800 -767.000000
38900 -768.000000
39000 -768.000000
39100 -768.000000
39200 -767.000000
39300 -768.000000
39400 -768.000000
39500 -768.000000
39600 -768.000000
39700 -768.000000
39800 -768.000000
39900 -768.000000
40000 -767.000000
40100 -768.000000
40200 -767.000000
40300 -768.000000
40400 -768.000000
40500 -768.000000
40600 -768.000000
40700 -768.000000
40800 -768.000000
40900 -768.000000
41000 -768.000000
41100 -768.000000
41200 -767.000000
41300 -768.000000
41400 -768.000000
41500 -767.000000
41600 -766.000000
41700 -768.000000
41800 -768.000000
41900 -768.000000
42000 -768.000000
42100 -768.000000
42200 -768.000000
42300 -767.000000
42400 -768.000000
42500 -768.000000
42600 -768.000000
42700 -767.000000
42800 -767.000000
42900 -767.000000
43000 -766.000000
43100 -768.000000
43200 -767.000000
43300 -767.000000
43400 -768.000000
43500 -768.000000
43600 -767.000000
43700 -768.000000
43800 -768.000000
43900 -767.000000
44000 -767.000000
44100 -768.000000
44200 -768.000000
44300 -767.000000
44400 -768.000000
44500 -767.000000
44600 -768.000000
44700 -767.000000
44800 -767.000000
44900 -768.000000
45000 -765.000000
45100 -768.000000
45200 -768.000000
45300 -768.000000
45400 -768.000000
45500 -768.000000
45600 -768.000000
45700 -768.000000
45800 -767.000000
45900 -767.000000
46000 -765.000000
46100 -768.000000
46200 -765.000000
46300 -766.000000
46400 -767.000000
46500 -768.000000
46600 -765.000000
46700 -768.000000
46800 -768.000000
46900 -768.000000
47000 -768.000000
47100 -768.000000
47200 -768.000000
47300 -768.000000
47400 -761.000000
47500 -768.000000
47600 -768.000000
47700 -768.000000
47800 -768.000000
47900 -765.000000
48000 -766.000000
48100 -766.000000
48200 -765.000000
48300 -768.000000
48400 -767.000000
48500 -768.000000
48600 -768.000000
48700 -768.000000
48800 -768.000000
48900 -766.000000
49000 -768.000000
49100 -768.000000
49200 -764.000000
49300 -768.000000
49400 -768.000000
49500 -768.000000
49600 -768.000000
49700 -768.000000
49800 -768.000000
49900 -768.000000
50000 -768.000000
50100 -766.000000
50200 -768.000000
50300 -767.000000
50400 -768.000000
50500 -768.000000
50600 -768.000000
50700 -768.000000
50800 -767.000000
50900 -767.000000
51000 -768.000000
51100 -768.000000
51200 -768.000000
51300 -767.000000
51400 -766.000000
51500 -767.000000
51600 -768.000000
51700 -766.000000
51800 -768.000000
51900 -768.000000
52000 -768.000000
52100 -768.000000
52200 -766.000000
52300 -768.000000
52400 -766.000000
52500 -768.000000
52600 -766.000000
52700 -768.000000
52800 -761.000000
52900 -766.000000
53000 -766.000000
53100 -765.000000
53200 -768.000000
53300 -768.000000
53400 -768.000000
53500 -768.000000
53600 -768.000000
53700 -767.000000
53800 -768.000000
53900 -764.000000
54000 -767.000000
54100 -768.000000
54200 -768.000000
54300 -768.000000
54400 -767.000000
54500 -768.000000
54600 -768.000000
54700 -767.000000
54800 -768.000000
54900 -768.000000
55000 -768.000000
55100 -768.000000
55200 -768.000000
55300 -768.000000
55400 -766.000000
55500 -768.000000
55600 -767.000000
55700 -768.000000
55800 -768.000000
55900 -765.000000
56000 -765.000000
56100 -768.000000
56200 -768.000000
56300 -768.000000
56400 -768.000000
56500 -768.000000
56600 -765.000000
56700 -767.000000
56800 -767.000000
56900 -768.000000
57000 -768.000000
57100 -768.000000
57200 -768.000000
57300 -768.000000
57400 -768.000000
57500 -767.000000
57600 -768.000000
57700 -763.000000
57800 -768.000000
57900 -768.000000
58000 -767.000000
58100 -767.000000
58200 -768.000000
58300 -767.000000
58400 -752.000000
58500 -752.000000
58600 -738.000000
58700 -752.000000
58800 -752.000000
58900 -751.000000
59000 -752.000000
59100 -752.000000
59200 -752.000000
59300 -752.000000
59400 -747.000000
59500 -752.000000
59600 -752.000000
59700 -752.000000
59800 -752.000000
59900 -752.000000
60000 -752.000000
60100 -753.000000
60200 -752.000000
60300 -752.000000
60400 -752.000000
60500 -752.000000
60600 -751.000000
60700 -752.000000
60800 -752.000000
60900 -752.000000
61000 -752.000000
61100 -752.000000
61200 -752.000000
61300 -752.000000
61400 -752.000000
61500 -751.000000
61600 -751.000000
61700 -752.000000
61800 -752.000000
61900 -736.000000
62000 -736.000000
62100 -736.000000
62200 -736.000000
62300 -736.000000
62400 -736.000000
62500 -736.000000
62600 -736.000000
62700 -736.000000
62800 -736.000000
62900 -736.000000
63000 -736.000000
63100 -736.000000
63200 -736.000000
63300 -736.000000
63400 -736.000000
63500 -736.000000
63600 -736.000000
63700 -736.000000
63800 -736.000000
63900 -736.000000
64000 -734.000000
64100 -736.000000
64200 -729.000000
64300 -722.000000
64400 -728.000000
64500 -736.000000
64600 -736.000000
64700 -731.000000
64800 -704.000000
64900 -702.000000
65000 -705.000000
65100 -704.000000
65200 -705.000000
65300 -705.000000
65400 -704.000000
65500 -704.000000
65600 -705.000000
65700 -704.000000
65800 -704.000000
65900 -704.000000
66000 -704.000000
66100 -704.000000
66200 -704.000000
66300 -704.000000
66400 -704.000000
66500 -705.000000
66600 -703.000000
66700 -704.000000
66800 -705.000000
66900 -706.000000
67000 -703.000000
67100 -706.000000
67200 -708.000000
67300 -704.000000
67400 -705.000000
67500 -705.000000
67600 -705.000000
67700 -706.000000
67800 -706.000000
67900 -705.000000
68000 -706.000000
68100 -705.000000
68200 -704.000000
68300 -703.000000
68400 -703.000000
68500 -706.000000
68600 -702.000000
68700 -704.000000
68800 -702.000000
68900 -704.000000
69000 -709.000000
69100 -704.000000
69200 -704.000000
69300 -705.000000
69400 -705.000000
69500 -705.000000
69600 -705.000000
69700 -704.000000
69800 -705.000000
69900 -704.000000
70000 -704.000000
70100 -702.000000
70200 -705.000000
70300 -704.000000
70400 -701.000000
70500 -703.000000
70600 -704.000000
70700 -703.000000
70800 -704.000000
70900 -704.000000
71000 -704.000000
71100 -705.000000
71200 -705.000000
71300 -703.000000
71400 -706.000000
71500 -704.000000
71600 -704.000000
71700 -703.000000
71800 -703.000000
71900 -702.000000
72000 -706.000000
72100 -706.000000
72200 -705.000000
72300 -704.000000
72400 -705.000000
72500 -693.000000
72600 -706.000000
72700 -705.000000
72800 -701.000000
72900 -706.000000
73000 -704.000000
73100 -703.000000
73200 -704.000000
73300 -701.000000
73400 -700.000000
73500 -704.000000
73600 -703.000000
73700 -687.000000
73800 -696.000000
73900 -703.000000
74000 -704.000000
74100 -703.000000
74200 -704.000000
74300 -702.000000
74400 -704.000000
74500 -700.000000
74600 -704.000000
74700 -701.000000
74800 -704.000000
74900 -704.000000
75000 -703.000000
75100 -703.000000
75200 -704.000000
75300 -704.000000
75400 -705.000000
75500 -704.000000
75600 -705.000000
75700 -704.000000
75800 -704.000000
75900 -704.000000
76000 -704.000000
76100 -704.000000
76200 -702.000000
76300 -704.000000
76400 -703.000000
76500 -704.000000
76600 -704.000000
76700 -703.000000
76800 -704.000000
76900 -705.000000
77000 -704.000000
77100 -702.000000
77200 -705.000000
77300 -704.000000
77400 -703.000000
77500 -703.000000
77600 -702.000000
77700 -694.000000
77800 -704.000000
77900 -704.000000
78000 -691.000000
78100 -692.000000
78200 -703.000000
78300 -696.000000
78400 -695.000000
78500 -703.000000
78600 -703.000000
78700 -698.000000
78800 -695.000000
78900 -704.000000
79000 -700.000000
79100 -705.000000
79200 -707.000000
79300 -697.000000
79400 -700.000000
79500 -699.000000
79600 -704.000000
79700 -706.000000
79800 -703.000000
79900 -707.000000
80000 -693.000000
80100 -702.000000
80200 -701.000000
80300 -705.000000
80400 -707.000000
80500 -707.000000
80600 -705.000000
80700 -700.000000
80800 -703.000000
80900 -704.000000
81000 -705.000000
81100 -704.000000
81200 -705.000000
81300 -705.000000
81400 -704.000000
81500 -698.000000
81600 -708.000000
81700 -705.000000
81800 -705.000000
81900 -705.000000
82000 -705.000000
82100 -707.000000
82200 -704.000000
82300 -704.000000
82400 -706.000000
82500 -705.000000
82600 -705.000000
82700 -705.000000
82800 -697.000000
82900 -702.000000
83000 -702.000000
83100 -705.000000
83200 -704.000000
83300 -707.000000
83400 -705.000000
83500 -707.000000
83600 -705.000000
83700 -704.000000
83800 -705.000000
83900 -705.000000
84000 -704.000000
84100 -703.000000
84200 -703.000000
84300 -705.000000
84400 -704.000000
84500 -702.000000
84600 -705.000000
84700 -703.000000
84800 -703.000000
84900 -704.000000
85000 -703.000000
85100 -702.000000
85200 -703.000000
85300 -704.000000
85400 -706.000000
85500 -695.000000
85600 -696.000000
85700 -697.000000
85800 -694.000000
85900 -703.000000
86000 -705.000000
86100 -700.000000
86200 -692.000000
86300 -702.000000
86400 -699.000000
86500 -698.000000
86600 -677.000000
86700 -704.000000
86800 -701.000000
86900 -672.000000
87000 -671.000000
87100 -672.000000
87200 -672.000000
87300 -672.000000
87400 -672.000000
87500 -671.000000
87600 -672.000000
87700 -672.000000
87800 -673.000000
87900 -675.000000
88000 -673.000000
88100 -672.000000
88200 -671.000000
88300 -671.000000
88400 -673.000000
88500 -673.000000
88600 -672.000000
88700 -672.000000
88800 -672.000000
88900 -671.000000
89000 -672.000000
89100 -671.000000
89200 -672.000000
89300 -672.000000
89400 -670.000000
89500 -672.000000
89600 -672.000000
89700 -672.000000
89800 -671.000000
89900 -672.000000
90000 -672.000000
90100 -672.000000
90200 -672.000000
90300 -672.000000
90400 -671.000000
90500 -672.000000
90600 -672.000000
90700 -671.000000
90800 -671.000000
90900 -672.000000
91000 -669.000000
91100 -672.000000
91200 -671.000000
91300 -671.000000
91400 -671.000000
91500 -672.000000
91600 -671.000000
91700 -672.000000
91800 -672.000000
91900 -672.000000
92000 -671.000000
92100 -672.000000
92200 -672.000000
92300 -672.000000
92400 -672.000000
92500 -672.000000
92600 -671.000000
92700 -672.000000
92800 -671.000000
92900 -672.000000
93000 -670.000000
93100 -672.000000
93200 -672.000000
93300 -671.000000
93400 -671.000000
93500 -672.000000
93600 -671.000000
93700 -671.000000
93800 -671.000000
93900 -671.000000
94000 -672.000000
94100 -671.000000
94200 -672.000000
94300 -672.000000
94400 -672.000000
94500 -670.000000
94600 -672.000000
94700 -671.000000
94800 -672.000000
94900 -672.000000
95000 -672.000000
95100 -672.000000
95200 -671.000000
95300 -671.000000
95400 -671.000000
95500 -671.000000
95600 -672.000000
95700 -672.000000
95800 -672.000000
95900 -672.000000
96000 -671.000000
96100 -672.000000
96200 -672.000000
96300 -672.000000
96400 -671.000000
96500 -671.000000
96600 -671.000000
96700 -672.000000
96800 -671.000000
96900 -671.000000
97000 -672.000000
97100 -671.000000
97200 -670.000000
97300 -671.000000
97400 -672.000000
97500 -671.000000
97600 -671.000000
97700 -672.000000
97800 -671.000000
97900 -672.000000
98000 -671.000000
98100 -671.000000
98200 -671.000000
98300 -671.000000
98400 -671.000000
98500 -671.000000
98600 -671.000000
98700 -671.000000
98800 -672.000000
98900 -672.000000
99000 -672.000000
99100 -672.000000
99200 -671.000000
99300 -670.000000
99400 -671.000000
99500 -670.000000
99600 -672.000000
99700 -672.000000
99800 -672.000000
99900 -671.000000
100000 -672.000000
100100 -672.000000
100200 -671.000000
100300 -670.000000
100400 -671.000000
100500 -671.000000
100600 -672.000000
100700 -672.000000
100800 -671.000000
100900 -671.000000
101000 -671.000000
101100 -670.000000
101200 -671.000000
101300 -670.000000
101400 -672.000000
101500 -669.000000
101600 -665.000000
101700 -676.000000
101800 -672.000000
101900 -676.000000
102000 -675.000000
102100 -667.000000
102200 -671.000000
102300 -675.000000
102400 -675.000000
102500 -665.000000
102600 -665.000000
102700 -677.000000
102800 -678.000000
102900 -669.000000
103000 -672.000000
103100 -668.000000
103200 -670.000000
103300 -672.000000
103400 -667.000000
103500 -671.000000
103600 -679.000000
103700 -672.000000
103800 -672.000000
103900 -671.000000
104000 -673.000000
104100 -677.000000
104200 -667.000000
104300 -674.000000
104400 -675.000000
104500 -672.000000
104600 -670.000000
104700 -667.000000
104800 -667.000000
104900 -675.000000
105000 -671.000000
105100 -669.000000
105200 -671.000000
105300 -667.000000
105400 -672.000000
105500 -671.000000
105600 -665.000000
105700 -669.000000
105800 -669.000000
105900 -672.000000
106000 -672.000000
106100 -669.000000
106200 -671.000000
106300 -670.000000
106400 -672.000000
106500 -667.000000
106600 -669.000000
106700 -673.000000
106800 -673.000000
106900 -669.000000
107000 -661.000000
107100 -674.000000
107200 -671.000000
107300 -666.000000
107400 -666.000000
107500 -669.000000
107600 -668.000000
107700 -671.000000
107800 -673.000000
107900 -665.000000
108000 -678.000000
108100 -669.000000
108200 -669.000000
108300 -669.000000
108400 -670.000000
108500 -674.000000
108600 -666.000000
108700 -665.000000
108800 -670.000000
108900 -669.000000
109000 -672.000000
109100 -669.000000
109200 -672.000000
109300 -665.000000
109400 -666.000000
109500 -663.000000
109600 -672.000000
109700 -665.000000
109800 -673.000000
109900 -671.000000
110000 -671.000000
110100 -671.000000
110200 -668.000000
110300 -669.000000
110400 -671.000000
110500 -670.000000
110600 -671.000000
110700 -672.000000
110800 -670.000000
110900 -671.000000
111000 -671.000000
111100 -671.000000
111200 -672.000000
111300 -671.000000
111400 -671.000000
111500 -671.000000
111600 -671.000000
111700 -672.000000
111800 -672.000000
111900 -671.000000
112000 -671.000000
112100 -672.000000
112200 -672.000000
112300 -671.000000
112400 -671.000000
112500 -672.000000
112600 -671.000000
112700 -670.000000
112800 -660.000000
112900 -671.000000
113000 -670.000000
113100 -672.000000
113200 -672.000000
113300 -666.000000
113400 -668.000000
113500 -663.000000
113600 -668.000000
113700 -671.000000
113800 -669.000000
113900 -671.000000
114000 -669.000000
114100 -673.000000
114200 -670.000000
114300 -672.000000
114400 -668.000000
114500 -667.000000
114600 -672.000000
114700 -670.000000
114800 -669.000000
114900 -672.000000
115000 -668.000000
115100 -672.000000
115200 -671.000000
115300 -671.000000
115400 -671.000000
115500 -661.000000
115600 -672.000000
115700 -664.000000
115800 -671.000000
115900 -667.000000
116000 -672.000000
116100 -671.000000
116200 -671.000000
116300 -668.000000
116400 -672.000000
116500 -670.000000
116600 -671.000000
116700 -671.000000
116800 -672.000000
116900 -662.000000
117000 -668.000000
117100 -664.000000
117200 -671.000000
117300 -665.000000
117400 -672.000000
117500 -669.000000
117600 -664.000000
117700 -670.000000
117800 -667.000000
117900 -662.000000
118000 -659.000000
118100 -662.000000
118200 -669.000000
118300 -645.000000
118400 -662.000000
118500 -659.000000
118600 -663.000000
118700 -664.000000
118800 -665.000000
118900 -664.000000
119000 -666.000000
119100 -658.000000
119200 -656.000000
119300 -665.000000
119400 -659.000000
119500 -655.000000
119600 -665.000000
119700 -666.000000
119800 -638.000000
119900 -642.000000
120000 -633.000000
120100 -645.000000
120200 -634.000000
120300 -639.000000
120400 -641.000000
120500 -639.000000
120600 -652.000000
120700 -636.000000
120800 -627.000000
120900 -633.000000
121000 -645.000000
121100 -637.000000
121200 -638.000000
121300 -638.000000
121400 -632.000000
121500 -641.000000
121600 -631.000000
121700 -637.000000
121800 -634.000000
121900 -633.000000
122000 -639.000000
122100 -635.000000
122200 -633.000000
122300 -637.000000
122400 -638.000000
122500 -638.000000
122600 -633.000000
122700 -635.000000
122800 -632.000000
122900 -639.000000
123000 -627.000000
123100 -637.000000
123200 -635.000000
123300 -632.000000
123400 -632.000000
123500 -633.000000
123600 -643.000000
123700 -633.000000
123800 -632.000000
123900 -627.000000
124000 -630.000000
124100 -633.000000
124200 -633.000000
124300 -640.000000
124400 -632.000000
124500 -640.000000
124600 -633.000000
124700 -630.000000
124800 -623.000000
124900 -639.000000
125000 -636.000000
125100 -636.000000
125200 -637.000000
125300 -631.000000
125400 -637.000000
125500 -628.000000
125600 -634.000000
125700 -635.000000
125800 -640.000000
125900 -631.000000
126000 -627.000000
126100 -630.000000
126200 -635.000000
126300 -636.000000
126400 -633.000000
126500 -632.000000
126600 -633.000000
126700 -627.000000
126800 -621.000000
126900 -635.000000
127000 -637.000000
127100 -634.000000
127200 -631.000000
127300 -633.000000
127400 -642.000000
127500 -635.000000
127600 -634.000000
127700 -627.000000
127800 -633.000000
127900 -631.000000
128000 -630.000000
128100 -634.000000
128200 -636.000000
128300 -629.000000
128400 -636.000000
128500 -638.000000
128600 -633.000000
128700 -631.000000
128800 -638.000000
128900 -626.000000
129000 -627.000000
129100 -634.000000
129200 -629.000000
129300 -634.000000
129400 -633.000000
129500 -631.000000
129600 -633.000000
129700 -639.000000
129800 -633.000000
129900 -639.000000
130000 -632.000000
130100 -636.000000
130200 -641.000000
130300 -640.000000
130400 -640.000000
130500 -633.000000
130600 -640.000000
130700 -639.000000
130800 -634.000000
130900 -639.000000
131000 -638.000000
131100 -634.000000
131200 -638.000000
131300 -636.000000
131400 -635.000000
131500 -634.000000
131600 -639.000000
131700 -636.000000
131800 -633.000000
131900 -632.000000
132000 -636.000000
132100 -633.000000
132200 -633.000000
132300 -633.000000
132400 -636.000000
132500 -636.000000
132600 -640.000000
132700 -627.000000
132800 -635.000000
132900 -628.000000
133000 -640.000000
133100 -629.000000
133200 -641.000000
133300 -632.000000
133400 -633.000000
133500 -633.000000
133600 -639.000000
133700 -633.000000
133800 -638.000000
133900 -634.000000
134000 -636.000000
134100 -642.000000
134200 -637.000000
134300 -639.000000
134400 -631.000000
134500 -636.000000
134600 -633.000000
134700 -635.000000
134800 -635.000000
134900 -633.000000
135000 -635.000000
135100 -633.000000
135200 -634.000000
135300 -636.000000
135400 -632.000000
135500 -639.000000
135600 -638.000000
135700 -633.000000
135800 -631.000000
135900 -635.000000
136000 -631.000000
136100 -627.000000
136200 -633.000000
136300 -636.000000
136400 -631.000000
136500 -625.000000
136600 -633.000000
136700 -634.000000
136800 -634.000000
136900 -634.000000
137000 -630.000000
137100 -639.000000
137200 -639.000000
137300 -637.000000
137400 -635.000000
137500 -635.000000
137600 -633.000000
137700 -640.000000
137800 -628.000000
137900 -627.000000
138000 -626.000000
138100 -636.000000
138200 -633.000000
138300 -637.000000
138400 -636.000000
138500 -635.000000
138600 -637.000000
138700 -640.000000
138800 -636.000000
138900 -632.000000
139000 -637.000000
139100 -640.000000
139200 -637.000000
139300 -640.000000
139400 -637.000000
139500 -635.000000
139600 -630.000000
139700 -631.000000
139800 -635.000000
139900 -636.000000
140000 -634.000000
140100 -638.000000
140200 -637.000000
140300 -638.000000
140400 -635.000000
140500 -628.000000
140600 -634.000000
140700 -638.000000
140800 -637.000000
140900 -639.000000
141000 -630.000000
141100 -630.000000
141200 -637.000000
141300 -632.000000
141400 -634.000000
141500 -626.000000
141600 -628.000000
141700 -636.000000
141800 -637.000000
141900 -636.000000
142000 -631.000000
142100 -635.000000
142200 -630.000000
142300 -632.000000
142400 -632.000000
142500 -636.000000
142600 -635.000000
142700 -629.000000
142800 -618.000000
142900 -635.000000
143000 -633.000000
143100 -630.000000
143200 -632.000000
143300 -630.000000
143400 -633.000000
143500 -630.000000
143600 -630.000000
143700 -635.000000
143800 -639.000000
143900 -630.000000
144000 -627.000000
144100 -635.000000
144200 -635.000000
144300 -640.000000
144400 -637.000000
144500 -635.000000
144600 -629.000000
144700 -632.000000
144800 -637.000000
144900 -638.000000
145000 -629.000000
145100 -638.000000
145200 -636.000000
145300 -635.000000
145400 -640.000000
145500 -637.000000
145600 -638.000000
145700 -637.000000
145800 -631.000000
145900 -638.000000
146000 -640.000000
146100 -633.000000
146200 -625.000000
146300 -638.000000
146400 -639.000000
146500 -638.000000
146600 -635.000000
146700 -628.000000
146800 -635.000000
146900 -640.000000
147000 -634.000000
147100 -637.000000
147200 -638.000000
147300 -637.000000
147400 -635.000000
147500 -633.000000
147600 -634.000000
147700 -635.000000
147800 -631.000000
147900 -628.000000
148000 -636.000000
148100 -637.000000
148200 -632.000000
148300 -638.000000
148400 -632.000000
148500 -637.000000
148600 -630.000000
148700 -636.000000
148800 -633.000000
148900 -629.000000
149000 -627.000000
149100 -638.000000
149200 -630.000000
149300 -630.000000
149400 -634.000000
149500 -630.000000
149600 -634.000000
149700 -628.000000
149800 -628.000000
149900 -632.000000
150000 -635.000000
150100 -636.000000
150200 -633.000000
150300 -640.000000
150400 -627.000000
150500 -631.000000
150600 -628.000000
150700 -636.000000
150800 -634.000000
150900 -631.000000
151000 -632.000000
151100 -634.000000
151200 -640.000000
151300 -623.000000
151400 -634.000000
151500 -628.000000
151600 -634.000000
151700 -626.000000
151800 -632.000000
151900 -635.000000
152000 -628.000000
152100 -630.000000
152200 -634.000000
152300 -636.000000
152400 -629.000000
152500 -638.000000
152600 -630.000000
152700 -634.000000
152800 -626.000000
152900 -624.000000
153000 -633.000000
153100 -632.000000
153200 -635.000000
153300 -636.000000
153400 -632.000000
153500 -635.000000
153600 -625.000000
153700 -635.000000
153800 -630.000000
153900 -635.000000
154000 -628.000000
154100 -633.000000
154200 -634.000000
154300 -634.000000
154400 -630.000000
154500 -627.000000
154600 -635.000000
154700 -632.000000
154800 -629.000000
154900 -632.000000
155000 -640.000000
155100 -631.000000
155200 -635.000000
155300 -635.000000
155400 -629.000000
155500 -628.000000
155600 -634.000000
155700 -635.000000
155800 -635.000000
155900 -636.000000
156000 -633.000000
156100 -638.000000
156200 -634.000000
156300 -638.000000
156400 -627.000000
156500 -624.000000
156600 -632.000000
156700 -637.000000
156800 -640.000000
156900 -635.000000
157000 -636.000000
157100 -636.000000
157200 -636.000000
157300 -628.000000
157400 -637.000000
157500 -626.000000
157600 -629.000000
157700 -632.000000
157800 -631.000000
157900 -635.000000
158000 -631.000000
158100 -629.000000
158200 -637.000000
158300 -636.000000
158400 -635.000000
158500 -629.000000
158600 -625.000000
158700 -633.000000
158800 -636.000000
158900 -629.000000
159000 -629.000000
159100 -636.000000
159200 -633.000000
159300 -639.000000
159400 -635.000000
159500 -633.000000
159600 -624.000000
159700 -624.000000
159800 -625.000000
159900 -625.000000
160000 -625.000000
160100 -624.000000
160200 -624.000000
160300 -624.000000
160400 -625.000000
160500 -624.000000
160600 -625.000000
160700 -624.000000
160800 -623.000000
160900 -623.000000
161000 -626.000000
161100 -624.000000
161200 -624.000000
161300 -624.000000
161400 -623.000000
161500 -623.000000
161600 -623.000000
161700 -625.000000
161800 -624.000000
161900 -625.000000
162000 -625.000000
162100 -625.000000
162200 -623.000000
162300 -624.000000
162400 -623.000000
162500 -623.000000
162600 -624.000000
162700 -623.000000
162800 -624.000000
162900 -627.000000
163000 -624.000000
163100 -624.000000
163200 -624.000000
163300 -626.000000
163400 -624.000000
163500 -624.000000
163600 -624.000000
163700 -624.000000
163800 -624.000000
163900 -624.000000
164000 -624.000000
164100 -623.000000
164200 -623.000000
164300 -624.000000
164400 -624.000000
164500 -624.000000
164600 -625.000000
164700 -623.000000
164800 -623.000000
164900 -624.000000
165000 -626.000000
165100 -625.000000
165200 -623.000000
165300 -625.000000
165400 -625.000000
165500 -631.000000
165600 -626.000000
165700 -627.000000
165800 -624.000000
165900 -623.000000
166000 -628.000000
166100 -625.000000
166200 -625.000000
166300 -624.000000
166400 -624.000000
166500 -626.000000
166600 -624.000000
166700 -625.000000
166800 -625.000000
166900 -626.000000
167000 -624.000000
167100 -622.000000
167200 -624.000000
167300 -626.000000
167400 -625.000000
167500 -626.000000
167600 -624.000000
167700 -628.000000
167800 -625.000000
167900 -624.000000
168000 -624.000000
168100 -624.000000
168200 -625.000000
168300 -626.000000
168400 -624.000000
168500 -625.000000
168600 -625.000000
168700 -626.000000
168800 -624.000000
168900 -623.000000
169000 -624.000000
169100 -625.000000
169200 -625.000000
169300 -626.000000
169400 -624.000000
169500 -621.000000
169600 -626.000000
169700 -623.000000
169800 -624.000000
169900 -624.000000
170000 -623.000000
170100 -629.000000
170200 -625.000000
170300 -626.000000
170400 -628.000000
170500 -627.000000
170600 -625.000000
170700 -623.000000
170800 -622.000000
170900 -627.000000
171000 -624.000000
171100 -624.000000
171200 -622.000000
171300 -624.000000
171400 -625.000000
171500 -626.000000
171600 -624.000000
171700 -626.000000
171800 -628.000000
171900 -626.000000
172000 -633.000000
172100 -619.000000
172200 -634.000000
172300 -633.000000
172400 -622.000000
172500 -624.000000
172600 -623.000000
172700 -623.000000
172800 -621.000000
172900 -631.000000
173000 -625.000000
173100 -625.000000
173200 -632.000000
173300 -636.000000
173400 -636.000000
173500 -626.000000
173600 -624.000000
173700 -623.000000
173800 -635.000000
173900 -636.000000
174000 -639.000000
174100 -635.000000
174200 -635.000000
174300 -635.000000
174400 -630.000000
174500 -628.000000
174600 -613.000000
174700 -632.000000
174800 -623.000000
174900 -625.000000
175000 -617.000000
175100 -626.000000
175200 -627.000000
175300 -620.000000
175400 -627.000000
175500 -620.000000
175600 -618.000000
175700 -617.000000
175800 -607.000000
175900 -625.000000
176000 -634.000000
176100 -612.000000
176200 -627.000000
176300 -627.000000
176400 -622.000000
176500 -619.000000
176600 -627.000000
176700 -627.000000
176800 -633.000000
176900 -626.000000
177000 -613.000000
177100 -621.000000
177200 -625.000000
177300 -617.000000
177400 -627.000000
177500 -627.000000
177600 -625.000000
177700 -626.000000
177800 -626.000000
177900 -615.000000
178000 -623.000000
178100 -620.000000
178200 -624.000000
178300 -612.000000
178400 -612.000000
178500 -614.000000
178600 -612.000000
178700 -612.000000
178800 -612.000000
178900 -612.000000
179000 -612.000000
179100 -612.000000
179200 -612.000000
179300 -612.000000
179400 -612.000000
179500 -612.000000
179600 -612.000000
179700 -612.000000
179800 -612.000000
179900 -612.000000
180000 -612.000000
180100 -612.000000
180200 -612.000000
180300 -612.000000
180400 -612.000000
180500 -612.000000
180600 -612.000000
180700 -612.000000
180800 -615.000000
180900 -612.000000
181000 -613.000000
181100 -614.000000
181200 -612.000000
181300 -622.000000
181400 -614.000000
181500 -624.000000
181600 -613.000000
181700 -613.000000
181800 -611.000000
181900 -616.000000
182000 -615.000000
182100 -616.000000
182200 -619.000000
182300 -615.000000
182400 -616.000000
182500 -616.000000
182600 -613.000000
182700 -612.000000
182800 -612.000000
182900 -613.000000
183000 -626.000000
183100 -624.000000
183200 -621.000000
183300 -621.000000
183400 -625.000000
183500 -624.000000
183600 -614.000000
183700 -624.000000
183800 -624.000000
183900 -624.000000
184000 -623.000000
184100 -624.000000
184200 -624.000000
184300 -622.000000
184400 -622.000000
184500 -622.000000
184600 -625.000000
184700 -623.000000
184800 -624.000000
184900 -624.000000
185000 -622.000000
185100 -623.000000
185200 -624.000000
185300 -624.000000
185400 -626.000000
185500 -625.000000
185600 -625.000000
185700 -625.000000
185800 -623.000000
185900 -622.000000
186000 -624.000000
186100 -625.000000
186200 -624.000000
186300 -623.000000
186400 -623.000000
186500 -623.000000
186600 -625.000000
186700 -625.000000
186800 -622.000000
186900 -625.000000
187000 -623.000000
187100 -625.000000
187200 -623.000000
187300 -622.000000
187400 -623.000000
187500 -627.000000
187600 -623.000000
187700 -625.000000
187800 -623.000000
187900 -624.000000
188000 -624.000000
188100 -623.000000
188200 -627.000000
188300 -626.000000
188400 -624.000000
188500 -624.000000
188600 -624.000000
188700 -625.000000
188800 -623.000000
188900 -624.000000
189000 -624.000000
189100 -624.000000
189200 -625.000000
189300 -625.000000
189400 -624.000000
189500 -624.000000
189600 -623.000000
189700 -623.000000
189800 -624.000000
189900 -624.000000
190000 -624.000000
190100 -624.000000
190200 -624.000000
190300 -624.000000
190400 -624.000000
190500 -623.000000
190600 -624.000000
190700 -624.000000
190800 -624.000000
190900 -624.000000
191000 -625.000000
191100 -624.000000
191200 -625.000000
191300 -624.000000
191400 -624.000000
191500 -624.000000
191600 -625.000000
191700 -624.000000
191800 -624.000000
191900 -624.000000
192000 -624.000000
192100 -624.000000
192200 -624.000000
192300 -624.000000
192400 -624.000000
192500 -624.000000
192600 -622.000000
192700 -624.000000
192800 -623.000000
192900 -623.000000
193000 -624.000000
193100 -623.000000
193200 -624.000000
193300 -624.000000
193400 -624.000000
193500 -624.000000
193600 -624.000000
193700 -624.000000
193800 -624.000000
193900 -624.000000
194000 -624.000000
194100 -624.000000
194200 -624.000000
194300 -624.000000
194400 -625.000000
194500 -624.000000
194600 -625.000000
194700 -624.000000
194800 -624.000000
194900 -625.000000
195000 -624.000000
195100 -625.000000
195200 -624.000000
195300 -624.000000
195400 -624.000000
195500 -624.000000
195600 -624.000000
195700 -624.000000
195800 -624.000000
195900 -624.000000
196000 -624.000000
196100 -624.000000
196200 -624.000000
196300 -624.000000
196400 -624.000000
196500 -624.000000
196600 -624.000000
196700 -624.000000
196800 -624.000000
196900 -623.000000
197000 -624.000000
197100 -624.000000
197200 -623.000000
197300 -623.000000
197400 -624.000000
197500 -624.000000
197600 -624.000000
197700 -624.000000
197800 -624.000000
197900 -624.000000
198000 -624.000000
198100 -624.000000
198200 -623.000000
198300 -624.000000
198400 -624.000000
198500 -624.000000
198600 -624.000000
198700 -624.000000
198800 -624.000000
198900 -624.000000
199000 -624.000000
199100 -624.000000
199200 -624.000000
199300 -624.000000
199400 -624.000000
199500 -627.000000
199600 -624.000000
199700 -624.000000
199800 -624.000000
199900 -624.000000
