0 -1024.000000
100 -896.000000
200 -896.000000
300 -880.000000
400 -876.000000
500 -864.000000
600 -832.000000
700 -832.000000
800 -832.000000
900 -832.000000
1000 -832.000000
1100 -832.000000
1200 -832.000000
1300 -832.000000
1400 -832.000000
1500 -832.000000
1600 -832.000000
1700 -832.000000
1800 -832.000000
1900 -832.000000
2000 -832.000000
2100 -832.000000
2200 -832.000000
2300 -832.000000
2400 -832.000000
2500 -832.000000
2600 -832.000000
2700 -832.000000
2800 -832.000000
2900 -832.000000
3000 -832.000000
3100 -832.000000
3200 -832.000000
3300 -832.000000
3400 -832.000000
3500 -832.000000
3600 -832.000000
3700 -832.000000
3800 -832.000000
3900 -832.000000
4000 -832.000000
4100 -832.000000
4200 -800.000000
4300 -800.000000
4400 -800.000000
4500 -800.000000
4600 -792.000000
4700 -791.000000
4800 -796.000000
4900 -782.000000
5000 -795.000000
5100 -768.000000
5200 -769.000000
5300 -768.000000
5400 -768.000000
5500 -769.000000
5600 -767.000000
5700 -767.000000
5800 -768.000000
5900 -766.000000
6000 -767.000000
6100 -767.000000
6200 -769.000000
6300 -766.000000
6400 -764.000000
6500 -769.000000
6600 -767.000000
6700 -767.000000
6800 -767.000000
6900 -766.000000
7000 -768.000000
7100 -767.000000
7200 -767.000000
7300 -767.000000
7400 -767.000000
7500 -765.000000
7600 -769.000000
7700 -767.000000
7800 -767.000000
7900 -767.000000
8000 -766.000000
8100 -768.000000
8200 -767.000000
8300 -768.000000
8400 -768.000000
8500 -768.000000
8600 -767.000000
8700 -769.000000
8800 -767.000000
8900 -768.000000
9000 -768.000000
9100 -767.000000
9200 -767.000000
9300 -767.000000
9400 -768.000000
9500 -765.000000
9600 -768.000000
9700 -768.000000
9800 -768.000000
9900 -767.000000
10000 -767.000000
10100 -767.000000
10200 -767.000000
10300 -766.000000
10400 -767.000000
10500 -768.000000
10600 -767.000000
10700 -768.000000
10800 -767.000000
10900 -768.000000
11000 -768.000000
11100 -767.000000
11200 -767.000000
11300 -768.000000
11400 -766.000000
11500 -768.000000
11600 -768.000000
11700 -768.000000
11800 -767.000000
11900 -766.000000
12000 -767.000000
12100 -767.000000
12200 -768.000000
12300 -767.000000
12400 -766.000000
12500 -768.000000
12600 -768.000000
12700 -767.000000
12800 -768.000000
12900 -767.000000
13000 -767.000000
13100 -767.000000
13200 -767.000000
13300 -767.000000
13400 -767.000000
13500 -768.000000
13600 -767.000000
13700 -766.000000
13800 -767.000000
13900 -767.000000
14000 -768.000000
14100 -767.000000
14200 -767.000000
14300 -764.000000
14400 -767.000000
14500 -767.000000
14600 -768.000000
14700 -767.000000
14800 -768.000000
14900 -763.000000
15000 -766.000000
15100 -768.000000
15200 -767.000000
15300 -766.000000
15400 -767.000000
15500 -767.000000
15600 -766.000000
15700 -765.000000
15800 -766.000000
15900 -765.000000
16000 -767.000000
16100 -767.000000
16200 -765.000000
16300 -766.000000
16400 -766.000000
16500 -766.000000
16600 -768.000000
16700 -768.000000
16800 -767.000000
16900 -767.000000
17000 -767.000000
17100 -767.000000
17200 -765.000000
17300 -767.000000
17400 -765.000000
17500 -766.000000
17600 -763.000000
17700 -766.000000
17800 -767.000000
17900 -768.000000
18000 -765.000000
18100 -763.000000
18200 -765.000000
18300 -765.000000
18400 -762.000000
18500 -767.000000
18600 -766.000000
18700 -764.000000
18800 -766.000000
18900 -766.000000
19000 -766.000000
19100 -765.000000
19200 -768.000000
19300 -766.000000
19400 -767.000000
19500 -764.000000
19600 -767.000000
19700 -768.000000
19800 -763.000000
19900 -764.000000
20000 -766.000000
20100 -767.000000
20200 -767.000000
20300 -765.000000
20400 -767.000000
20500 -766.000000
20600 -764.000000
20700 -765.000000
20800 -767.000000
20900 -766.000000
21000 -766.000000
21100 -767.000000
21200 -765.000000
21300 -766.000000
21400 -765.000000
21500 -766.000000
21600 -764.000000
21700 -766.000000
21800 -766.000000
21900 -765.000000
22000 -767.000000
22100 -768.000000
22200 -766.000000
22300 -766.000000
22400 -767.000000
22500 -764.000000
22600 -765.000000
22700 -766.000000
22800 -762.000000
22900 -763.000000
23000 -766.000000
23100 -768.000000
23200 -765.000000
23300 -766.000000
23400 -766.000000
23500 -766.000000
23600 -766.000000
23700 -766.000000
23800 -765.000000
23900 -766.000000
24000 -765.000000
24100 -765.000000
24200 -762.000000
24300 -766.000000
24400 -762.000000
24500 -765.000000
24600 -765.000000
24700 -764.000000
24800 -764.000000
24900 -767.000000
25000 -765.000000
25100 -765.000000
25200 -766.000000
25300 -763.000000
25400 -767.000000
25500 -765.000000
25600 -766.000000
25700 -767.000000
25800 -766.000000
25900 -764.000000
26000 -765.000000
26100 -766.000000
26200 -764.000000
26300 -764.000000
26400 -766.000000
26500 -767.000000
26600 -764.000000
26700 -765.000000
26800 -767.000000
26900 -763.000000
27000 -766.000000
27100 -765.000000
27200 -766.000000
27300 -766.000000
27400 -767.000000
27500 -765.000000
27600 -765.000000
27700 -767.000000
27800 -764.000000
27900 -764.000000
28000 -766.000000
28100 -766.000000
28200 -766.000000
28300 -767.000000
28400 -761.000000
28500 -765.000000
28600 -765.000000
28700 -765.000000
28800 -767.000000
28900 -766.000000
29000 -767.000000
29100 -767.000000
29200 -765.000000
29300 -767.000000
29400 -767.000000
29500 -766.000000
29600 -761.000000
29700 -765.000000
29800 -765.000000
29900 -767.000000
30000 -767.000000
30100 -767.000000
30200 -765.000000
30300 -766.000000
30400 -767.000000
30500 -766.000000
30600 -767.000000
30700 -767.000000
30800 -767.000000
30900 -766.000000
31000 -766.000000
31100 -766.000000
31200 -766.000000
31300 -762.000000
31400 -765.000000
31500 -764.000000
31600 -767.000000
31700 -764.000000
31800 -767.000000
31900 -766.000000
32000 -765.000000
32100 -766.000000
32200 -766.000000
32300 -764.000000
32400 -764.000000
32500 -764.000000
32600 -767.000000
32700 -765.000000
32800 -766.000000
32900 -767.000000
33000 -760.000000
33100 -766.000000
33200 -765.000000
33300 -767.000000
33400 -766.000000
33500 -765.000000
33600 -765.000000
33700 -765.000000
33800 -766.000000
33900 -764.000000
34000 -764.000000
34100 -765.000000
34200 -764.000000
34300 -766.000000
34400 -767.000000
34500 -766.000000
34600 -766.000000
34700 -765.000000
34800 -766.000000
34900 -765.000000
35000 -765.000000
35100 -767.000000
35200 -765.000000
35300 -765.000000
35400 -767.000000
35500 -765.000000
35600 -764.000000
35700 -764.000000
35800 -766.000000
35900 -765.000000
36000 -765.000000
36100 -765.000000
36200 -765.000000
36300 -765.000000
36400 -759.000000
36500 -765.000000
36600 -766.000000
36700 -765.000000
36800 -753.000000
36900 -750.000000
37000 -752.000000
37100 -752.000000
37200 -746.000000
37300 -748.000000
37400 -749.000000
37500 -750.000000
37600 -755.000000
37700 -744.000000
37800 -751.000000
37900 -756.000000
38000 -749.000000
38100 -746.000000
38200 -752.000000
38300 -736.000000
38400 -736.000000
38500 -736.000000
38600 -736.000000
38700 -736.000000
38800 -736.000000
38900 -736.000000
39000 -736.000000
39100 -736.000000
39200 -736.000000
39300 -736.000000
39400 -736.000000
39500 -736.000000
39600 -736.000000
39700 -736.000000
39800 -736.000000
39900 -736.000000
40000 -736.000000
40100 -736.000000
40200 -736.000000
40300 -736.000000
40400 -736.000000
40500 -736.000000
40600 -736.000000
40700 -736.000000
40800 -736.000000
40900 -736.000000
41000 -736.000000
41100 -736.000000
41200 -736.000000
41300 -736.000000
41400 -736.000000
41500 -736.000000
41600 -736.000000
41700 -736.000000
41800 -736.000000
41900 -736.000000
42000 -736.000000
42100 -736.000000
42200 -736.000000
42300 -736.000000
42400 -736.000000
42500 -736.000000
42600 -736.000000
42700 -736.000000
42800 -736.000000
42900 -736.000000
43000 -736.000000
43100 -736.000000
43200 -736.000000
43300 -736.000000
43400 -736.000000
43500 -736.000000
43600 -736.000000
43700 -736.000000
43800 -736.000000
43900 -736.000000
44000 -736.000000
44100 -736.000000
44200 -736.000000
44300 -736.000000
44400 -736.000000
44500 -736.000000
44600 -736.000000
44700 -736.000000
44800 -736.000000
44900 -736.000000
45000 -736.000000
45100 -736.000000
45200 -736.000000
45300 -736.000000
45400 -736.000000
45500 -736.000000
45600 -736.000000
45700 -736.000000
45800 -736.000000
45900 -736.000000
46000 -736.000000
46100 -736.000000
46200 -736.000000
46300 -736.000000
46400 -736.000000
46500 -736.000000
46600 -736.000000
46700 -736.000000
46800 -736.000000
46900 -736.000000
47000 -736.000000
47100 -736.000000
47200 -736.000000
47300 -736.000000
47400 -736.000000
47500 -736.000000
47600 -736.000000
47700 -736.000000
47800 -736.000000
47900 -736.000000
48000 -736.000000
48100 -736.000000
48200 -736.000000
48300 -736.000000
48400 -736.000000
48500 -736.000000
48600 -736.000000
48700 -736.000000
48800 -736.000000
48900 -736.000000
49000 -736.000000
49100 -736.000000
49200 -736.000000
49300 -736.000000
49400 -736.000000
49500 -736.000000
49600 -736.000000
49700 -736.000000
49800 -736.000000
49900 -736.000000
50000 -736.000000
50100 -736.000000
50200 -736.000000
50300 -736.000000
50400 -736.000000
50500 -736.000000
50600 -736.000000
50700 -736.000000
50800 -736.000000
50900 -736.000000
51000 -736.000000
51100 -736.000000
51200 -736.000000
51300 -736.000000
51400 -736.000000
51500 -736.000000
51600 -736.000000
51700 -736.000000
51800 -736.000000
51900 -736.000000
52000 -736.000000
52100 -736.000000
52200 -736.000000
52300 -736.000000
52400 -736.000000
52500 -736.000000
52600 -736.000000
52700 -736.000000
52800 -736.000000
52900 -736.000000
53000 -736.000000
53100 -736.000000
53200 -736.000000
53300 -736.000000
53400 -736.000000
53500 -736.000000
53600 -736.000000
53700 -736.000000
53800 -736.000000
53900 -736.000000
54000 -736.000000
54100 -736.000000
54200 -736.000000
54300 -736.000000
54400 -736.000000
54500 -736.000000
54600 -736.000000
54700 -736.000000
54800 -736.000000
54900 -736.000000
55000 -736.000000
55100 -736.000000
55200 -736.000000
55300 -736.000000
55400 -736.000000
55500 -736.000000
55600 -736.000000
55700 -736.000000
55800 -736.000000
55900 -736.000000
56000 -736.000000
56100 -736.000000
56200 -736.000000
56300 -736.000000
56400 -736.000000
56500 -736.000000
56600 -736.000000
56700 -736.000000
56800 -736.000000
56900 -736.000000
57000 -736.000000
57100 -736.000000
57200 -736.000000
57300 -736.000000
57400 -736.000000
57500 -736.000000
57600 -736.000000
57700 -736.000000
57800 -736.000000
57900 -736.000000
58000 -736.000000
58100 -736.000000
58200 -736.000000
58300 -736.000000
58400 -736.000000
58500 -736.000000
58600 -736.000000
58700 -736.000000
58800 -736.000000
58900 -736.000000
59000 -736.000000
59100 -736.000000
59200 -736.000000
59300 -736.000000
59400 -736.000000
59500 -736.000000
59600 -736.000000
59700 -736.000000
59800 -736.000000
59900 -736.000000
60000 -736.000000
60100 -736.000000
60200 -736.000000
60300 -736.000000
60400 -736.000000
60500 -736.000000
60600 -736.000000
60700 -736.000000
60800 -736.000000
60900 -736.000000
61000 -736.000000
61100 -736.000000
61200 -736.000000
61300 -736.000000
61400 -736.000000
61500 -736.000000
61600 -736.000000
61700 -736.000000
61800 -736.000000
61900 -736.000000
62000 -736.000000
62100 -736.000000
62200 -736.000000
62300 -736.000000
62400 -736.000000
62500 -736.000000
62600 -736.000000
62700 -736.000000
62800 -736.000000
62900 -736.000000
63000 -736.000000
63100 -736.000000
63200 -736.000000
63300 -736.000000
63400 -736.000000
63500 -736.000000
63600 -736.000000
63700 -736.000000
63800 -736.000000
63900 -736.000000
64000 -736.000000
64100 -736.000000
64200 -736.000000
64300 -736.000000
64400 -736.000000
64500 -736.000000
64600 -736.000000
64700 -736.000000
64800 -736.000000
64900 -736.000000
65000 -736.000000
65100 -736.000000
65200 -736.000000
65300 -736.000000
65400 -736.000000
65500 -736.000000
65600 -736.000000
65700 -736.000000
65800 -736.000000
65900 -736.000000
66000 -736.000000
66100 -736.000000
66200 -736.000000
66300 -736.000000
66400 -736.000000
66500 -736.000000
66600 -736.000000
66700 -736.000000
66800 -736.000000
66900 -736.000000
67000 -736.000000
67100 -736.000000
67200 -736.000000
67300 -736.000000
67400 -736.000000
67500 -736.000000
67600 -736.000000
67700 -736.000000
67800 -736.000000
67900 -736.000000
68000 -736.000000
68100 -736.000000
68200 -736.000000
68300 -736.000000
68400 -736.000000
68500 -736.000000
68600 -736.000000
68700 -736.000000
68800 -736.000000
68900 -736.000000
69000 -736.000000
69100 -736.000000
69200 -736.000000
69300 -736.000000
69400 -736.000000
69500 -736.000000
69600 -736.000000
69700 -736.000000
69800 -736.000000
69900 -736.000000
70000 -736.000000
70100 -736.000000
70200 -736.000000
70300 -736.000000
70400 -736.000000
70500 -736.000000
70600 -736.000000
70700 -736.000000
70800 -736.000000
70900 -736.000000
71000 -736.000000
71100 -736.000000
71200 -736.000000
71300 -736.000000
71400 -736.000000
71500 -736.000000
71600 -736.000000
71700 -736.000000
71800 -736.000000
71900 -736.000000
72000 -736.000000
72100 -736.000000
72200 -736.000000
72300 -736.000000
72400 -736.000000
72500 -736.000000
72600 -736.000000
72700 -736.000000
72800 -736.000000
72900 -736.000000
73000 -736.000000
73100 -736.000000
73200 -736.000000
73300 -736.000000
73400 -736.000000
73500 -736.000000
73600 -736.000000
73700 -736.000000
73800 -736.000000
73900 -736.000000
74000 -736.000000
74100 -736.000000
74200 -736.000000
74300 -736.000000
74400 -736.000000
74500 -736.000000
74600 -736.000000
74700 -736.000000
74800 -736.000000
74900 -736.000000
75000 -736.000000
75100 -736.000000
75200 -736.000000
75300 -736.000000
75400 -736.000000
75500 -736.000000
75600 -736.000000
75700 -736.000000
75800 -736.000000
75900 -736.000000
76000 -736.000000
76100 -736.000000
76200 -736.000000
76300 -736.000000
76400 -736.000000
76500 -736.000000
76600 -736.000000
76700 -736.000000
76800 -736.000000
76900 -736.000000
77000 -736.000000
77100 -736.000000
77200 -736.000000
77300 -736.000000
77400 -736.000000
77500 -736.000000
77600 -736.000000
77700 -736.000000
77800 -736.000000
77900 -736.000000
78000 -736.000000
78100 -736.000000
78200 -736.000000
78300 -736.000000
78400 -736.000000
78500 -736.000000
78600 -736.000000
78700 -736.000000
78800 -736.000000
78900 -736.000000
79000 -736.000000
79100 -736.000000
79200 -736.000000
79300 -736.000000
79400 -736.000000
79500 -736.000000
79600 -736.000000
79700 -736.000000
79800 -736.000000
79900 -736.000000
80000 -736.000000
80100 -736.000000
80200 -736.000000
80300 -736.000000
80400 -736.000000
80500 -736.000000
80600 -736.000000
80700 -736.000000
80800 -736.000000
80900 -736.000000
81000 -736.000000
81100 -736.000000
81200 -736.000000
81300 -736.000000
81400 -736.000000
81500 -736.000000
81600 -736.000000
81700 -736.000000
81800 -736.000000
81900 -736.000000
82000 -736.000000
82100 -736.000000
82200 -736.000000
82300 -736.000000
82400 -736.000000
82500 -736.000000
82600 -736.000000
82700 -736.000000
82800 -736.000000
82900 -736.000000
83000 -736.000000
83100 -736.000000
83200 -736.000000
83300 -736.000000
83400 -736.000000
83500 -736.000000
83600 -736.000000
83700 -736.000000
83800 -736.000000
83900 -736.000000
84000 -736.000000
84100 -736.000000
84200 -736.000000
84300 -736.000000
84400 -736.000000
84500 -736.000000
84600 -736.000000
84700 -736.000000
84800 -736.000000
84900 -736.000000
85000 -736.000000
85100 -736.000000
85200 -736.000000
85300 -736.000000
85400 -736.000000
85500 -736.000000
85600 -736.000000
85700 -736.000000
85800 -736.000000
85900 -736.000000
86000 -736.000000
86100 -736.000000
86200 -736.000000
86300 -736.000000
86400 -736.000000
86500 -736.000000
86600 -736.000000
86700 -736.000000
86800 -736.000000
86900 -736.000000
87000 -736.000000
87100 -736.000000
87200 -736.000000
87300 -736.000000
87400 -736.000000
87500 -736.000000
87600 -736.000000
87700 -736.000000
87800 -736.000000
87900 -736.000000
88000 -736.000000
88100 -736.000000
88200 -736.000000
88300 -736.000000
88400 -736.000000
88500 -736.000000
88600 -736.000000
88700 -736.000000
88800 -736.000000
88900 -736.000000
89000 -736.000000
89100 -736.000000
89200 -736.000000
89300 -736.000000
89400 -736.000000
89500 -736.000000
89600 -736.000000
89700 -736.000000
89800 -736.000000
89900 -736.000000
90000 -736.000000
90100 -736.000000
90200 -736.000000
90300 -736.000000
90400 -736.000000
90500 -736.000000
90600 -736.000000
90700 -736.000000
90800 -736.000000
90900 -736.000000
91000 -736.000000
91100 -736.000000
91200 -736.000000
91300 -736.000000
91400 -736.000000
91500 -736.000000
91600 -736.000000
91700 -736.000000
91800 -736.000000
91900 -736.000000
92000 -736.000000
92100 -736.000000
92200 -736.000000
92300 -736.000000
92400 -736.000000
92500 -736.000000
92600 -736.000000
92700 -736.000000
92800 -736.000000
92900 -736.000000
93000 -736.000000
93100 -736.000000
93200 -736.000000
93300 -736.000000
93400 -736.000000
93500 -736.000000
93600 -736.000000
93700 -736.000000
93800 -736.000000
93900 -736.000000
94000 -736.000000
94100 -736.000000
94200 -736.000000
94300 -736.000000
94400 -736.000000
94500 -736.000000
94600 -736.000000
94700 -736.000000
94800 -736.000000
94900 -736.000000
95000 -736.000000
95100 -736.000000
95200 -736.000000
95300 -736.000000
95400 -736.000000
95500 -736.000000
95600 -736.000000
95700 -736.000000
95800 -736.000000
95900 -736.000000
96000 -736.000000
96100 -736.000000
96200 -736.000000
96300 -736.000000
96400 -736.000000
96500 -736.000000
96600 -736.000000
96700 -736.000000
96800 -736.000000
96900 -736.000000
97000 -736.000000
97100 -736.000000
97200 -736.000000
97300 -736.000000
97400 -736.000000
97500 -736.000000
97600 -736.000000
97700 -736.000000
97800 -736.000000
97900 -736.000000
98000 -736.000000
98100 -736.000000
98200 -736.000000
98300 -736.000000
98400 -736.000000
98500 -736.000000
98600 -736.000000
98700 -736.000000
98800 -736.000000
98900 -736.000000
99000 -736.000000
99100 -736.000000
99200 -736.000000
99300 -736.000000
99400 -736.000000
99500 -736.000000
99600 -736.000000
99700 -736.000000
99800 -736.000000
99900 -736.000000
100000 -736.000000
100100 -736.000000
100200 -736.000000
100300 -736.000000
100400 -736.000000
100500 -736.000000
100600 -736.000000
100700 -736.000000
100800 -736.000000
100900 -736.000000
101000 -736.000000
101100 -736.000000
101200 -736.000000
101300 -736.000000
101400 -736.000000
101500 -736.000000
101600 -736.000000
101700 -736.000000
101800 -736.000000
101900 -736.000000
102000 -736.000000
102100 -736.000000
102200 -736.000000
102300 -736.000000
102400 -736.000000
102500 -736.000000
102600 -736.000000
102700 -736.000000
102800 -736.000000
102900 -736.000000
103000 -736.000000
103100 -736.000000
103200 -736.000000
103300 -736.000000
103400 -736.000000
103500 -736.000000
103600 -736.000000
103700 -736.000000
103800 -736.000000
103900 -736.000000
104000 -736.000000
104100 -736.000000
104200 -736.000000
104300 -736.000000
104400 -736.000000
104500 -736.000000
104600 -736.000000
104700 -736.000000
104800 -736.000000
104900 -736.000000
105000 -736.000000
105100 -736.000000
105200 -736.000000
105300 -736.000000
105400 -736.000000
105500 -736.000000
105600 -736.000000
105700 -736.000000
105800 -736.000000
105900 -736.000000
106000 -736.000000
106100 -736.000000
106200 -736.000000
106300 -736.000000
106400 -736.000000
106500 -736.000000
106600 -736.000000
106700 -736.000000
106800 -736.000000
106900 -736.000000
107000 -736.000000
107100 -736.000000
107200 -736.000000
107300 -736.000000
107400 -736.000000
107500 -736.000000
107600 -736.000000
107700 -736.000000
107800 -736.000000
107900 -736.000000
108000 -736.000000
108100 -736.000000
108200 -736.000000
108300 -736.000000
108400 -736.000000
108500 -736.000000
108600 -736.000000
108700 -736.000000
108800 -736.000000
108900 -736.000000
109000 -736.000000
109100 -736.000000
109200 -736.000000
109300 -736.000000
109400 -736.000000
109500 -736.000000
109600 -736.000000
109700 -736.000000
109800 -736.000000
109900 -736.000000
110000 -736.000000
110100 -736.000000
110200 -736.000000
110300 -736.000000
110400 -736.000000
110500 -736.000000
110600 -736.000000
110700 -736.000000
110800 -736.000000
110900 -736.000000
111000 -736.000000
111100 -736.000000
111200 -736.000000
111300 -736.000000
111400 -736.000000
111500 -736.000000
111600 -736.000000
111700 -736.000000
111800 -736.000000
111900 -736.000000
112000 -736.000000
112100 -736.000000
112200 -736.000000
112300 -736.000000
112400 -736.000000
112500 -736.000000
112600 -736.000000
112700 -736.000000
112800 -736.000000
112900 -736.000000
113000 -736.000000
113100 -736.000000
113200 -736.000000
113300 -736.000000
113400 -736.000000
113500 -736.000000
113600 -736.000000
113700 -736.000000
113800 -736.000000
113900 -736.000000
114000 -736.000000
114100 -736.000000
114200 -736.000000
114300 -736.000000
114400 -736.000000
114500 -736.000000
114600 -736.000000
114700 -736.000000
114800 -736.000000
114900 -736.000000
115000 -736.000000
115100 -736.000000
115200 -736.000000
115300 -736.000000
115400 -736.000000
115500 -736.000000
115600 -736.000000
115700 -736.000000
115800 -736.000000
115900 -736.000000
116000 -736.000000
116100 -736.000000
116200 -736.000000
116300 -736.000000
116400 -736.000000
116500 -736.000000
116600 -736.000000
116700 -736.000000
116800 -736.000000
116900 -736.000000
117000 -736.000000
117100 -736.000000
117200 -736.000000
117300 -736.000000
117400 -736.000000
117500 -736.000000
117600 -736.000000
117700 -736.000000
117800 -736.000000
117900 -736.000000
118000 -736.000000
118100 -736.000000
118200 -736.000000
118300 -736.000000
118400 -736.000000
118500 -736.000000
118600 -736.000000
118700 -736.000000
118800 -736.000000
118900 -736.000000
119000 -736.000000
119100 -736.000000
119200 -736.000000
119300 -736.000000
119400 -736.000000
119500 -736.000000
119600 -736.000000
119700 -736.000000
119800 -736.000000
119900 -736.000000
120000 -736.000000
120100 -736.000000
120200 -736.000000
120300 -736.000000
120400 -736.000000
120500 -736.000000
120600 -736.000000
120700 -736.000000
120800 -736.000000
120900 -736.000000
121000 -736.000000
121100 -736.000000
121200 -736.000000
121300 -736.000000
121400 -736.000000
121500 -736.000000
121600 -736.000000
121700 -736.000000
121800 -736.000000
121900 -736.000000
122000 -736.000000
122100 -736.000000
122200 -736.000000
122300 -736.000000
122400 -736.000000
122500 -736.000000
122600 -736.000000
122700 -736.000000
122800 -736.000000
122900 -736.000000
123000 -736.000000
123100 -736.000000
123200 -736.000000
123300 -736.000000
123400 -736.000000
123500 -736.000000
123600 -736.000000
123700 -736.000000
123800 -736.000000
123900 -736.000000
124000 -736.000000
124100 -736.000000
124200 -736.000000
124300 -736.000000
124400 -736.000000
124500 -736.000000
124600 -736.000000
124700 -736.000000
124800 -736.000000
124900 -736.000000
125000 -736.000000
125100 -736.000000
125200 -736.000000
125300 -736.000000
125400 -736.000000
125500 -736.000000
125600 -736.000000
125700 -736.000000
125800 -736.000000
125900 -736.000000
126000 -736.000000
126100 -736.000000
126200 -736.000000
126300 -736.000000
126400 -736.000000
126500 -736.000000
126600 -736.000000
126700 -736.000000
126800 -736.000000
126900 -736.000000
127000 -736.000000
127100 -736.000000
127200 -736.000000
127300 -736.000000
127400 -736.000000
127500 -736.000000
127600 -736.000000
127700 -736.000000
127800 -736.000000
127900 -736.000000
128000 -736.000000
128100 -736.000000
128200 -736.000000
128300 -736.000000
128400 -736.000000
128500 -736.000000
128600 -736.000000
128700 -736.000000
128800 -736.000000
128900 -736.000000
129000 -736.000000
129100 -736.000000
129200 -736.000000
129300 -736.000000
129400 -736.000000
129500 -736.000000
129600 -736.000000
129700 -736.000000
129800 -736.000000
129900 -736.000000
130000 -736.000000
130100 -736.000000
130200 -736.000000
130300 -736.000000
130400 -736.000000
130500 -736.000000
130600 -736.000000
130700 -736.000000
130800 -736.000000
130900 -736.000000
131000 -736.000000
131100 -736.000000
131200 -736.000000
131300 -736.000000
131400 -736.000000
131500 -736.000000
131600 -736.000000
131700 -736.000000
131800 -736.000000
131900 -736.000000
132000 -736.000000
132100 -736.000000
132200 -736.000000
132300 -736.000000
132400 -736.000000
132500 -736.000000
132600 -736.000000
132700 -736.000000
132800 -736.000000
132900 -736.000000
133000 -736.000000
133100 -736.000000
133200 -736.000000
133300 -736.000000
133400 -736.000000
133500 -736.000000
133600 -736.000000
133700 -736.000000
133800 -736.000000
133900 -736.000000
134000 -736.000000
134100 -736.000000
134200 -736.000000
134300 -736.000000
134400 -736.000000
134500 -736.000000
134600 -736.000000
134700 -736.000000
134800 -736.000000
134900 -736.000000
135000 -736.000000
135100 -736.000000
135200 -736.000000
135300 -736.000000
135400 -736.000000
135500 -736.000000
135600 -736.000000
135700 -736.000000
135800 -736.000000
135900 -736.000000
136000 -736.000000
136100 -736.000000
136200 -736.000000
136300 -736.000000
136400 -736.000000
136500 -736.000000
136600 -736.000000
136700 -736.000000
136800 -736.000000
136900 -736.000000
137000 -736.000000
137100 -736.000000
137200 -736.000000
137300 -736.000000
137400 -736.000000
137500 -736.000000
137600 -736.000000
137700 -736.000000
137800 -736.000000
137900 -736.000000
138000 -736.000000
138100 -736.000000
138200 -736.000000
138300 -736.000000
138400 -736.000000
138500 -736.000000
138600 -736.000000
138700 -736.000000
138800 -736.000000
138900 -736.000000
139000 -736.000000
139100 -736.000000
139200 -736.000000
139300 -736.000000
139400 -736.000000
139500 -736.000000
139600 -736.000000
139700 -736.000000
139800 -736.000000
139900 -736.000000
140000 -736.000000
140100 -736.000000
140200 -736.000000
140300 -736.000000
140400 -736.000000
140500 -736.000000
140600 -736.000000
140700 -736.000000
140800 -736.000000
140900 -736.000000
141000 -736.000000
141100 -736.000000
141200 -736.000000
141300 -736.000000
141400 -736.000000
141500 -736.000000
141600 -736.000000
141700 -736.000000
141800 -736.000000
141900 -736.000000
142000 -736.000000
142100 -736.000000
142200 -736.000000
142300 -736.000000
142400 -736.000000
142500 -736.000000
142600 -736.000000
142700 -736.000000
142800 -736.000000
142900 -736.000000
143000 -736.000000
143100 -736.000000
143200 -736.000000
143300 -736.000000
143400 -736.000000
143500 -736.000000
143600 -736.000000
143700 -736.000000
143800 -736.000000
143900 -736.000000
144000 -736.000000
144100 -736.000000
144200 -736.000000
144300 -736.000000
144400 -736.000000
144500 -736.000000
144600 -736.000000
144700 -736.000000
144800 -736.000000
144900 -736.000000
145000 -736.000000
145100 -736.000000
145200 -736.000000
145300 -736.000000
145400 -736.000000
145500 -736.000000
145600 -736.000000
145700 -736.000000
145800 -736.000000
145900 -736.000000
146000 -736.000000
146100 -736.000000
146200 -736.000000
146300 -736.000000
146400 -736.000000
146500 -736.000000
146600 -736.000000
146700 -736.000000
146800 -736.000000
146900 -736.000000
147000 -736.000000
147100 -736.000000
147200 -736.000000
147300 -736.000000
147400 -736.000000
147500 -736.000000
147600 -736.000000
147700 -736.000000
147800 -736.000000
147900 -736.000000
148000 -736.000000
148100 -736.000000
148200 -736.000000
148300 -736.000000
148400 -736.000000
148500 -736.000000
148600 -736.000000
148700 -736.000000
148800 -736.000000
148900 -736.000000
149000 -736.000000
149100 -736.000000
149200 -736.000000
149300 -736.000000
149400 -736.000000
149500 -736.000000
149600 -736.000000
149700 -736.000000
149800 -736.000000
149900 -736.000000
150000 -736.000000
150100 -736.000000
150200 -736.000000
150300 -736.000000
150400 -736.000000
150500 -736.000000
150600 -736.000000
150700 -736.000000
150800 -736.000000
150900 -736.000000
151000 -736.000000
151100 -736.000000
151200 -736.000000
151300 -736.000000
151400 -736.000000
151500 -736.000000
151600 -736.000000
151700 -736.000000
151800 -736.000000
151900 -736.000000
152000 -736.000000
152100 -736.000000
152200 -736.000000
152300 -736.000000
152400 -736.000000
152500 -736.000000
152600 -736.000000
152700 -736.000000
152800 -736.000000
152900 -736.000000
153000 -736.000000
153100 -736.000000
153200 -736.000000
153300 -736.000000
153400 -736.000000
153500 -736.000000
153600 -736.000000
153700 -736.000000
153800 -736.000000
153900 -736.000000
154000 -736.000000
154100 -736.000000
154200 -736.000000
154300 -736.000000
154400 -736.000000
154500 -736.000000
154600 -736.000000
154700 -736.000000
154800 -736.000000
154900 -736.000000
155000 -736.000000
155100 -736.000000
155200 -736.000000
155300 -736.000000
155400 -736.000000
155500 -736.000000
155600 -736.000000
155700 -736.000000
155800 -736.000000
155900 -736.000000
156000 -736.000000
156100 -736.000000
156200 -736.000000
156300 -736.000000
156400 -736.000000
156500 -736.000000
156600 -736.000000
156700 -736.000000
156800 -736.000000
156900 -736.000000
157000 -736.000000
157100 -736.000000
157200 -736.000000
157300 -736.000000
157400 -736.000000
157500 -736.000000
157600 -736.000000
157700 -736.000000
157800 -736.000000
157900 -736.000000
158000 -736.000000
158100 -736.000000
158200 -736.000000
158300 -736.000000
158400 -736.000000
158500 -736.000000
158600 -736.000000
158700 -736.000000
158800 -736.000000
158900 -736.000000
159000 -736.000000
159100 -736.000000
159200 -736.000000
159300 -736.000000
159400 -736.000000
159500 -736.000000
159600 -736.000000
159700 -736.000000
159800 -736.000000
159900 -736.000000
160000 -736.000000
160100 -736.000000
160200 -736.000000
160300 -736.000000
160400 -736.000000
160500 -736.000000
160600 -736.000000
160700 -736.000000
160800 -736.000000
160900 -736.000000
161000 -736.000000
161100 -736.000000
161200 -736.000000
161300 -736.000000
161400 -736.000000
161500 -736.000000
161600 -736.000000
161700 -736.000000
161800 -736.000000
161900 -736.000000
162000 -736.000000
162100 -736.000000
162200 -736.000000
162300 -736.000000
162400 -736.000000
162500 -736.000000
162600 -736.000000
162700 -736.000000
162800 -736.000000
162900 -736.000000
163000 -736.000000
163100 -736.000000
163200 -736.000000
163300 -736.000000
163400 -736.000000
163500 -736.000000
163600 -736.000000
163700 -736.000000
163800 -736.000000
163900 -736.000000
164000 -736.000000
164100 -736.000000
164200 -736.000000
164300 -736.000000
164400 -736.000000
164500 -736.000000
164600 -736.000000
164700 -736.000000
164800 -736.000000
164900 -736.000000
165000 -736.000000
165100 -736.000000
165200 -736.000000
165300 -736.000000
165400 -736.000000
165500 -736.000000
165600 -736.000000
165700 -736.000000
165800 -736.000000
165900 -736.000000
166000 -736.000000
166100 -736.000000
166200 -736.000000
166300 -736.000000
166400 -736.000000
166500 -736.000000
166600 -736.000000
166700 -736.000000
166800 -736.000000
166900 -736.000000
167000 -736.000000
167100 -736.000000
167200 -736.000000
167300 -736.000000
167400 -736.000000
167500 -736.000000
167600 -736.000000
167700 -736.000000
167800 -736.000000
167900 -736.000000
168000 -736.000000
168100 -736.000000
168200 -736.000000
168300 -736.000000
168400 -736.000000
168500 -736.000000
168600 -736.000000
168700 -736.000000
168800 -736.000000
168900 -736.000000
169000 -736.000000
169100 -736.000000
169200 -736.000000
169300 -736.000000
169400 -736.000000
169500 -736.000000
169600 -736.000000
169700 -736.000000
169800 -736.000000
169900 -736.000000
170000 -736.000000
170100 -736.000000
170200 -736.000000
170300 -736.000000
170400 -736.000000
170500 -736.000000
170600 -736.000000
170700 -736.000000
170800 -736.000000
170900 -736.000000
171000 -736.000000
171100 -736.000000
171200 -736.000000
171300 -736.000000
171400 -736.000000
171500 -736.000000
171600 -736.000000
171700 -736.000000
171800 -736.000000
171900 -736.000000
172000 -736.000000
172100 -736.000000
172200 -736.000000
172300 -736.000000
172400 -736.000000
172500 -736.000000
172600 -736.000000
172700 -736.000000
172800 -736.000000
172900 -736.000000
173000 -736.000000
173100 -736.000000
173200 -736.000000
173300 -736.000000
173400 -736.000000
173500 -736.000000
173600 -736.000000
173700 -736.000000
173800 -736.000000
173900 -736.000000
174000 -736.000000
174100 -736.000000
174200 -736.000000
174300 -736.000000
174400 -736.000000
174500 -736.000000
174600 -736.000000
174700 -736.000000
174800 -736.000000
174900 -736.000000
175000 -736.000000
175100 -736.000000
175200 -736.000000
175300 -736.000000
175400 -736.000000
175500 -736.000000
175600 -736.000000
175700 -736.000000
175800 -736.000000
175900 -736.000000
176000 -736.000000
176100 -736.000000
176200 -736.000000
176300 -736.000000
176400 -736.000000
176500 -736.000000
176600 -736.000000
176700 -736.000000
176800 -736.000000
176900 -736.000000
177000 -736.000000
177100 -736.000000
177200 -736.000000
177300 -736.000000
177400 -736.000000
177500 -736.000000
177600 -736.000000
177700 -736.000000
177800 -736.000000
177900 -736.000000
178000 -736.000000
178100 -736.000000
178200 -736.000000
178300 -736.000000
178400 -736.000000
178500 -736.000000
178600 -736.000000
178700 -736.000000
178800 -736.000000
178900 -736.000000
179000 -736.000000
179100 -736.000000
179200 -736.000000
179300 -736.000000
179400 -736.000000
179500 -736.000000
179600 -736.000000
179700 -736.000000
179800 -736.000000
179900 -736.000000
180000 -736.000000
180100 -736.000000
180200 -736.000000
180300 -736.000000
180400 -736.000000
180500 -736.000000
180600 -736.000000
180700 -736.000000
180800 -736.000000
180900 -736.000000
181000 -736.000000
181100 -736.000000
181200 -736.000000
181300 -736.000000
181400 -736.000000
181500 -736.000000
181600 -736.000000
181700 -736.000000
181800 -736.000000
181900 -736.000000
182000 -736.000000
182100 -736.000000
182200 -736.000000
182300 -736.000000
182400 -736.000000
182500 -736.000000
182600 -736.000000
182700 -736.000000
182800 -736.000000
182900 -736.000000
183000 -736.000000
183100 -736.000000
183200 -736.000000
183300 -736.000000
183400 -736.000000
183500 -736.000000
183600 -736.000000
183700 -736.000000
183800 -736.000000
183900 -736.000000
184000 -736.000000
184100 -736.000000
184200 -736.000000
184300 -736.000000
184400 -736.000000
184500 -736.000000
184600 -736.000000
184700 -736.000000
184800 -736.000000
184900 -736.000000
185000 -736.000000
185100 -736.000000
185200 -736.000000
185300 -736.000000
185400 -736.000000
185500 -736.000000
185600 -736.000000
185700 -736.000000
185800 -736.000000
185900 -736.000000
186000 -736.000000
186100 -736.000000
186200 -736.000000
186300 -736.000000
186400 -736.000000
186500 -736.000000
186600 -736.000000
186700 -736.000000
186800 -736.000000
186900 -736.000000
187000 -736.000000
187100 -736.000000
187200 -736.000000
187300 -736.000000
187400 -736.000000
187500 -736.000000
187600 -736.000000
187700 -736.000000
187800 -736.000000
187900 -736.000000
188000 -736.000000
188100 -736.000000
188200 -736.000000
188300 -736.000000
188400 -736.000000
188500 -736.000000
188600 -736.000000
188700 -736.000000
188800 -736.000000
188900 -736.000000
189000 -736.000000
189100 -736.000000
189200 -736.000000
189300 -736.000000
189400 -736.000000
189500 -736.000000
189600 -736.000000
189700 -736.000000
189800 -736.000000
189900 -736.000000
190000 -736.000000
190100 -736.000000
190200 -736.000000
190300 -736.000000
190400 -736.000000
190500 -736.000000
190600 -736.000000
190700 -736.000000
190800 -736.000000
190900 -736.000000
191000 -736.000000
191100 -736.000000
191200 -736.000000
191300 -736.000000
191400 -736.000000
191500 -736.000000
191600 -736.000000
191700 -736.000000
191800 -736.000000
191900 -736.000000
192000 -736.000000
192100 -736.000000
192200 -736.000000
192300 -736.000000
192400 -736.000000
192500 -736.000000
192600 -736.000000
192700 -736.000000
192800 -736.000000
192900 -736.000000
193000 -736.000000
193100 -736.000000
193200 -736.000000
193300 -736.000000
193400 -736.000000
193500 -736.000000
193600 -736.000000
193700 -736.000000
193800 -736.000000
193900 -736.000000
194000 -736.000000
194100 -736.000000
194200 -736.000000
194300 -736.000000
194400 -736.000000
194500 -736.000000
194600 -736.000000
194700 -736.000000
194800 -736.000000
194900 -736.000000
195000 -736.000000
195100 -736.000000
195200 -736.000000
195300 -736.000000
195400 -736.000000
195500 -736.000000
195600 -736.000000
195700 -736.000000
195800 -736.000000
195900 -736.000000
196000 -736.000000
196100 -736.000000
196200 -736.000000
196300 -736.000000
196400 -736.000000
196500 -736.000000
196600 -736.000000
196700 -736.000000
196800 -736.000000
196900 -736.000000
197000 -736.000000
197100 -736.000000
197200 -736.000000
197300 -736.000000
197400 -736.000000
197500 -736.000000
197600 -736.000000
197700 -736.000000
197800 -736.000000
197900 -736.000000
198000 -736.000000
198100 -736.000000
198200 -736.000000
198300 -736.000000
198400 -736.000000
198500 -736.000000
198600 -736.000000
198700 -736.000000
198800 -736.000000
198900 -736.000000
199000 -736.000000
199100 -736.000000
199200 -736.000000
199300 -736.000000
199400 -736.000000
199500 -736.000000
199600 -736.000000
199700 -736.000000
199800 -736.000000
199900 -736.000000
