0 -1024.000000
100 -896.000000
200 -896.000000
300 -896.000000
400 -862.000000
500 -866.000000
600 -881.000000
700 -869.000000
800 -832.000000
900 -832.000000
1000 -832.000000
1100 -832.000000
1200 -832.000000
1300 -832.000000
1400 -832.000000
1500 -832.000000
1600 -832.000000
1700 -832.000000
1800 -832.000000
1900 -832.000000
2000 -832.000000
2100 -832.000000
2200 -832.000000
2300 -832.000000
2400 -832.000000
2500 -832.000000
2600 -832.000000
2700 -832.000000
2800 -832.000000
2900 -832.000000
3000 -832.000000
3100 -832.000000
3200 -832.000000
3300 -832.000000
3400 -832.000000
3500 -832.000000
3600 -832.000000
3700 -832.000000
3800 -830.000000
3900 -832.000000
4000 -832.000000
4100 -832.000000
4200 -831.000000
4300 -832.000000
4400 -832.000000
4500 -831.000000
4600 -832.000000
4700 -832.000000
4800 -832.000000
4900 -832.000000
5000 -832.000000
5100 -832.000000
5200 -830.000000
5300 -827.000000
5400 -830.000000
5500 -823.000000
5600 -806.000000
5700 -817.000000
5800 -819.000000
5900 -820.000000
6000 -815.000000
6100 -814.000000
6200 -797.000000
6300 -797.000000
6400 -811.000000
6500 -815.000000
6600 -808.000000
6700 -799.000000
6800 -799.000000
6900 -799.000000
7000 -805.000000
7100 -787.000000
7200 -791.000000
7300 -800.000000
7400 -794.000000
7500 -796.000000
7600 -793.000000
7700 -789.000000
7800 -767.000000
7900 -772.000000
8000 -769.000000
8100 -769.000000
8200 -769.000000
8300 -770.000000
8400 -770.000000
8500 -772.000000
8600 -767.000000
8700 -767.000000
8800 -767.000000
8900 -766.000000
9000 -765.000000
9100 -767.000000
9200 -766.000000
9300 -764.000000
9400 -766.000000
9500 -768.000000
9600 -766.000000
9700 -768.000000
9800 -767.000000
9900 -768.000000
10000 -768.000000
10100 -768.000000
10200 -767.000000
10300 -768.000000
10400 -767.000000
10500 -768.000000
10600 -766.000000
10700 -765.000000
10800 -766.000000
10900 -766.000000
11000 -767.000000
11100 -764.000000
11200 -769.000000
11300 -766.000000
11400 -767.000000
11500 -767.000000
11600 -766.000000
11700 -769.000000
11800 -767.000000
11900 -766.000000
12000 -764.000000
12100 -767.000000
12200 -767.000000
12300 -768.000000
12400 -767.000000
12500 -766.000000
12600 -767.000000
12700 -768.000000
12800 -766.000000
12900 -765.000000
13000 -768.000000
13100 -767.000000
13200 -766.000000
13300 -767.000000
13400 -769.000000
13500 -767.000000
13600 -768.000000
13700 -767.000000
13800 -768.000000
13900 -767.000000
14000 -767.000000
14100 -766.000000
14200 -767.000000
14300 -767.000000
14400 -765.000000
14500 -767.000000
14600 -766.000000
14700 -767.000000
14800 -768.000000
14900 -768.000000
15000 -763.000000
15100 -767.000000
15200 -766.000000
15300 -768.000000
15400 -767.000000
15500 -767.000000
15600 -767.000000
15700 -768.000000
15800 -766.000000
15900 -763.000000
16000 -770.000000
16100 -768.000000
16200 -768.000000
16300 -761.000000
16400 -768.000000
16500 -767.000000
16600 -768.000000
16700 -764.000000
16800 -768.000000
16900 -768.000000
17000 -768.000000
17100 -767.000000
17200 -768.000000
17300 -765.000000
17400 -768.000000
17500 -767.000000
17600 -767.000000
17700 -767.000000
17800 -768.000000
17900 -768.000000
18000 -768.000000
18100 -768.000000
18200 -768.000000
18300 -767.000000
18400 -768.000000
18500 -768.000000
18600 -767.000000
18700 -768.000000
18800 -767.000000
18900 -768.000000
19000 -768.000000
19100 -768.000000
19200 -767.000000
19300 -767.000000
19400 -767.000000
19500 -767.000000
19600 -768.000000
19700 -767.000000
19800 -767.000000
19900 -768.000000
20000 -768.000000
20100 -766.000000
20200 -766.000000
20300 -768.000000
20400 -767.000000
20500 -767.000000
20600 -766.000000
20700 -767.000000
20800 -767.000000
20900 -768.000000
21000 -768.000000
21100 -768.000000
21200 -767.000000
21300 -766.000000
21400 -767.000000
21500 -768.000000
21600 -767.000000
21700 -766.000000
21800 -766.000000
21900 -766.000000
22000 -767.000000
22100 -767.000000
22200 -767.000000
22300 -768.000000
22400 -767.000000
22500 -767.000000
22600 -767.000000
22700 -768.000000
22800 -767.000000
22900 -767.000000
23000 -768.000000
23100 -767.000000
23200 -767.000000
23300 -767.000000
23400 -767.000000
23500 -767.000000
23600 -766.000000
23700 -768.000000
23800 -767.000000
23900 -768.000000
24000 -768.000000
24100 -767.000000
24200 -768.000000
24300 -767.000000
24400 -767.000000
24500 -767.000000
24600 -767.000000
24700 -767.000000
24800 -767.000000
24900 -768.000000
25000 -767.000000
25100 -768.000000
25200 -767.000000
25300 -768.000000
25400 -767.000000
25500 -767.000000
25600 -768.000000
25700 -768.000000
25800 -768.000000
25900 -736.000000
26000 -729.000000
26100 -735.000000
26200 -721.000000
26300 -737.000000
26400 -727.000000
26500 -735.000000
26600 -726.000000
26700 -726.000000
26800 -725.000000
26900 -720.000000
27000 -720.000000
27100 -729.000000
27200 -731.000000
27300 -725.000000
27400 -728.000000
27500 -723.000000
27600 -725.000000
27700 -735.000000
27800 -728.000000
27900 -720.000000
28000 -704.000000
28100 -704.000000
28200 -704.000000
28300 -704.000000
28400 -704.000000
28500 -704.000000
28600 -704.000000
28700 -704.000000
28800 -704.000000
28900 -704.000000
29000 -704.000000
29100 -704.000000
29200 -704.000000
29300 -704.000000
29400 -704.000000
29500 -704.000000
29600 -704.000000
29700 -705.000000
29800 -704.000000
29900 -703.000000
30000 -704.000000
30100 -704.000000
30200 -705.000000
30300 -704.000000
30400 -704.000000
30500 -704.000000
30600 -703.000000
30700 -704.000000
30800 -703.000000
30900 -704.000000
31000 -703.000000
31100 -704.000000
31200 -704.000000
31300 -704.000000
31400 -704.000000
31500 -704.000000
31600 -704.000000
31700 -704.000000
31800 -704.000000
31900 -704.000000
32000 -702.000000
32100 -703.000000
32200 -704.000000
32300 -704.000000
32400 -703.000000
32500 -704.000000
32600 -704.000000
32700 -704.000000
32800 -704.000000
32900 -703.000000
33000 -702.000000
33100 -703.000000
33200 -703.000000
33300 -704.000000
33400 -698.000000
33500 -693.000000
33600 -692.000000
33700 -684.000000
33800 -683.000000
33900 -687.000000
34000 -695.000000
34100 -688.000000
34200 -690.000000
34300 -690.000000
34400 -699.000000
34500 -686.000000
34600 -701.000000
34700 -703.000000
34800 -685.000000
34900 -703.000000
35000 -692.000000
35100 -694.000000
35200 -686.000000
35300 -683.000000
35400 -681.000000
35500 -689.000000
35600 -701.000000
35700 -685.000000
35800 -689.000000
35900 -673.000000
36000 -691.000000
36100 -703.000000
36200 -700.000000
36300 -691.000000
36400 -689.000000
36500 -699.000000
36600 -700.000000
36700 -686.000000
36800 -698.000000
36900 -691.000000
37000 -686.000000
37100 -689.000000
37200 -696.000000
37300 -703.000000
37400 -691.000000
37500 -700.000000
37600 -694.000000
37700 -703.000000
37800 -703.000000
37900 -704.000000
38000 -704.000000
38100 -704.000000
38200 -703.000000
38300 -704.000000
38400 -704.000000
38500 -704.000000
38600 -704.000000
38700 -704.000000
38800 -704.000000
38900 -704.000000
39000 -704.000000
39100 -704.000000
39200 -704.000000
39300 -702.000000
39400 -703.000000
39500 -703.000000
39600 -704.000000
39700 -704.000000
39800 -704.000000
39900 -703.000000
40000 -704.000000
40100 -704.000000
40200 -704.000000
40300 -703.000000
40400 -704.000000
40500 -704.000000
40600 -703.000000
40700 -702.000000
40800 -704.000000
40900 -704.000000
41000 -704.000000
41100 -703.000000
41200 -703.000000
41300 -703.000000
41400 -703.000000
41500 -704.000000
41600 -703.000000
41700 -703.000000
41800 -703.000000
41900 -701.000000
42000 -704.000000
42100 -703.000000
42200 -704.000000
42300 -703.000000
42400 -704.000000
42500 -703.000000
42600 -703.000000
42700 -704.000000
42800 -703.000000
42900 -702.000000
43000 -703.000000
43100 -703.000000
43200 -704.000000
43300 -702.000000
43400 -703.000000
43500 -704.000000
43600 -703.000000
43700 -703.000000
43800 -704.000000
43900 -704.000000
44000 -703.000000
44100 -704.000000
44200 -703.000000
44300 -703.000000
44400 -703.000000
44500 -704.000000
44600 -704.000000
44700 -703.000000
44800 -704.000000
44900 -703.000000
45000 -704.000000
45100 -704.000000
45200 -704.000000
45300 -703.000000
45400 -704.000000
45500 -703.000000
45600 -704.000000
45700 -704.000000
45800 -704.000000
45900 -704.000000
46000 -704.000000
46100 -704.000000
46200 -703.000000
46300 -704.000000
46400 -704.000000
46500 -703.000000
46600 -704.000000
46700 -704.000000
46800 -704.000000
46900 -704.000000
47000 -703.000000
47100 -704.000000
47200 -704.000000
47300 -704.000000
47400 -704.000000
47500 -704.000000
47600 -703.000000
47700 -704.000000
47800 -672.000000
47900 -672.000000
48000 -672.000000
48100 -672.000000
48200 -672.000000
48300 -672.000000
48400 -672.000000
48500 -672.000000
48600 -672.000000
48700 -672.000000
48800 -672.000000
48900 -672.000000
49000 -672.000000
49100 -672.000000
49200 -672.000000
49300 -672.000000
49400 -672.000000
49500 -672.000000
49600 -672.000000
49700 -672.000000
49800 -672.000000
49900 -672.000000
50000 -672.000000
50100 -672.000000
50200 -672.000000
50300 -672.000000
50400 -672.000000
50500 -672.000000
50600 -672.000000
50700 -672.000000
50800 -672.000000
50900 -672.000000
51000 -672.000000
51100 -672.000000
51200 -672.000000
51300 -672.000000
51400 -672.000000
51500 -672.000000
51600 -672.000000
51700 -672.000000
51800 -672.000000
51900 -672.000000
52000 -672.000000
52100 -672.000000
52200 -672.000000
52300 -672.000000
52400 -672.000000
52500 -672.000000
52600 -672.000000
52700 -672.000000
52800 -672.000000
52900 -672.000000
53000 -672.000000
53100 -672.000000
53200 -672.000000
53300 -672.000000
53400 -672.000000
53500 -672.000000
53600 -672.000000
53700 -671.000000
53800 -674.000000
53900 -672.000000
54000 -672.000000
54100 -672.000000
54200 -672.000000
54300 -672.000000
54400 -672.000000
54500 -672.000000
54600 -672.000000
54700 -672.000000
54800 -672.000000
54900 -672.000000
55000 -672.000000
55100 -670.000000
55200 -672.000000
55300 -671.000000
55400 -671.000000
55500 -671.000000
55600 -672.000000
55700 -672.000000
55800 -672.000000
55900 -672.000000
56000 -672.000000
56100 -672.000000
56200 -672.000000
56300 -672.000000
56400 -672.000000
56500 -672.000000
56600 -672.000000
56700 -672.000000
56800 -672.000000
56900 -672.000000
57000 -672.000000
57100 -672.000000
57200 -672.000000
57300 -672.000000
57400 -672.000000
57500 -672.000000
57600 -672.000000
57700 -672.000000
57800 -672.000000
57900 -672.000000
58000 -672.000000
58100 -672.000000
58200 -672.000000
58300 -672.000000
58400 -656.000000
58500 -655.000000
58600 -664.000000
58700 -655.000000
58800 -654.000000
58900 -659.000000
59000 -657.000000
59100 -654.000000
59200 -657.000000
59300 -657.000000
59400 -655.000000
59500 -659.000000
59600 -661.000000
59700 -649.000000
59800 -657.000000
59900 -656.000000
60000 -640.000000
60100 -640.000000
60200 -640.000000
60300 -640.000000
60400 -640.000000
60500 -640.000000
60600 -640.000000
60700 -640.000000
60800 -640.000000
60900 -633.000000
61000 -640.000000
61100 -636.000000
61200 -638.000000
61300 -631.000000
61400 -640.000000
61500 -640.000000
61600 -640.000000
61700 -640.000000
61800 -640.000000
61900 -640.000000
62000 -640.000000
62100 -640.000000
62200 -638.000000
62300 -640.000000
62400 -640.000000
62500 -640.000000
62600 -640.000000
62700 -638.000000
62800 -640.000000
62900 -640.000000
63000 -640.000000
63100 -639.000000
63200 -640.000000
63300 -640.000000
63400 -640.000000
63500 -640.000000
63600 -640.000000
63700 -640.000000
63800 -639.000000
63900 -640.000000
64000 -638.000000
64100 -640.000000
64200 -626.000000
64300 -639.000000
64400 -633.000000
64500 -640.000000
64600 -640.000000
64700 -640.000000
64800 -636.000000
64900 -630.000000
65000 -640.000000
65100 -639.000000
65200 -640.000000
65300 -631.000000
65400 -640.000000
65500 -633.000000
65600 -638.000000
65700 -639.000000
65800 -638.000000
65900 -629.000000
66000 -639.000000
66100 -626.000000
66200 -630.000000
66300 -633.000000
66400 -632.000000
66500 -629.000000
66600 -636.000000
66700 -625.000000
66800 -633.000000
66900 -630.000000
67000 -638.000000
67100 -638.000000
67200 -632.000000
67300 -633.000000
67400 -635.000000
67500 -632.000000
67600 -634.000000
67700 -633.000000
67800 -635.000000
67900 -628.000000
68000 -633.000000
68100 -634.000000
68200 -628.000000
68300 -637.000000
68400 -639.000000
68500 -631.000000
68600 -630.000000
68700 -639.000000
68800 -627.000000
68900 -637.000000
69000 -629.000000
69100 -635.000000
69200 -638.000000
69300 -637.000000
69400 -640.000000
69500 -636.000000
69600 -634.000000
69700 -639.000000
69800 -639.000000
69900 -635.000000
70000 -633.000000
70100 -639.000000
70200 -640.000000
70300 -640.000000
70400 -640.000000
70500 -630.000000
70600 -640.000000
70700 -634.000000
70800 -637.000000
70900 -631.000000
71000 -633.000000
71100 -633.000000
71200 -632.000000
71300 -630.000000
71400 -631.000000
71500 -632.000000
71600 -633.000000
71700 -632.000000
71800 -636.000000
71900 -638.000000
72000 -636.000000
72100 -633.000000
72200 -639.000000
72300 -636.000000
72400 -631.000000
72500 -637.000000
72600 -637.000000
72700 -640.000000
72800 -636.000000
72900 -633.000000
73000 -633.000000
73100 -627.000000
73200 -633.000000
73300 -635.000000
73400 -628.000000
73500 -632.000000
73600 -634.000000
73700 -630.000000
73800 -633.000000
73900 -633.000000
74000 -631.000000
74100 -636.000000
74200 -634.000000
74300 -639.000000
74400 -638.000000
74500 -631.000000
74600 -635.000000
74700 -633.000000
74800 -634.000000
74900 -631.000000
75000 -637.000000
75100 -634.000000
75200 -630.000000
75300 -634.000000
75400 -627.000000
75500 -633.000000
75600 -629.000000
75700 -635.000000
75800 -634.000000
75900 -630.000000
76000 -637.000000
76100 -631.000000
76200 -637.000000
76300 -636.000000
76400 -639.000000
76500 -635.000000
76600 -636.000000
76700 -634.000000
76800 -636.000000
76900 -632.000000
77000 -635.000000
77100 -632.000000
77200 -632.000000
77300 -633.000000
77400 -636.000000
77500 -630.000000
77600 -635.000000
77700 -630.000000
77800 -636.000000
77900 -628.000000
78000 -633.000000
78100 -633.000000
78200 -634.000000
78300 -633.000000
78400 -635.000000
78500 -628.000000
78600 -622.000000
78700 -637.000000
78800 -630.000000
78900 -631.000000
79000 -632.000000
79100 -635.000000
79200 -638.000000
79300 -631.000000
79400 -630.000000
79500 -636.000000
79600 -634.000000
79700 -640.000000
79800 -634.000000
79900 -639.000000
80000 -632.000000
80100 -638.000000
80200 -638.000000
80300 -629.000000
80400 -634.000000
80500 -629.000000
80600 -634.000000
80700 -633.000000
80800 -630.000000
80900 -636.000000
81000 -626.000000
81100 -631.000000
81200 -630.000000
81300 -631.000000
81400 -631.000000
81500 -634.000000
81600 -631.000000
81700 -636.000000
81800 -637.000000
81900 -630.000000
82000 -632.000000
82100 -632.000000
82200 -631.000000
82300 -635.000000
82400 -632.000000
82500 -629.000000
82600 -619.000000
82700 -629.000000
82800 -639.000000
82900 -636.000000
83000 -637.000000
83100 -634.000000
83200 -639.000000
83300 -629.000000
83400 -629.000000
83500 -634.000000
83600 -632.000000
83700 -632.000000
83800 -632.000000
83900 -631.000000
84000 -631.000000
84100 -633.000000
84200 -632.000000
84300 -633.000000
84400 -631.000000
84500 -632.000000
84600 -632.000000
84700 -632.000000
84800 -631.000000
84900 -632.000000
85000 -632.000000
85100 -630.000000
85200 -632.000000
85300 -632.000000
85400 -632.000000
85500 -632.000000
85600 -634.000000
85700 -629.000000
85800 -628.000000
85900 -632.000000
86000 -633.000000
86100 -632.000000
86200 -627.000000
86300 -635.000000
86400 -629.000000
86500 -629.000000
86600 -632.000000
86700 -634.000000
86800 -623.000000
86900 -632.000000
87000 -627.000000
87100 -628.000000
87200 -634.000000
87300 -625.000000
87400 -628.000000
87500 -635.000000
87600 -627.000000
87700 -627.000000
87800 -632.000000
87900 -632.000000
88000 -632.000000
88100 -635.000000
88200 -636.000000
88300 -635.000000
88400 -635.000000
88500 -631.000000
88600 -625.000000
88700 -636.000000
88800 -632.000000
88900 -636.000000
89000 -636.000000
89100 -633.000000
89200 -636.000000
89300 -636.000000
89400 -638.000000
89500 -637.000000
89600 -637.000000
89700 -636.000000
89800 -636.000000
89900 -635.000000
90000 -632.000000
90100 -624.000000
90200 -634.000000
90300 -632.000000
90400 -628.000000
90500 -633.000000
90600 -636.000000
90700 -633.000000
90800 -634.000000
90900 -636.000000
91000 -632.000000
91100 -629.000000
91200 -630.000000
91300 -633.000000
91400 -634.000000
91500 -629.000000
91600 -631.000000
91700 -632.000000
91800 -631.000000
91900 -630.000000
92000 -635.000000
92100 -633.000000
92200 -626.000000
92300 -635.000000
92400 -627.000000
92500 -630.000000
92600 -633.000000
92700 -630.000000
92800 -631.000000
92900 -632.000000
93000 -633.000000
93100 -626.000000
93200 -633.000000
93300 -639.000000
93400 -628.000000
93500 -631.000000
93600 -633.000000
93700 -632.000000
93800 -630.000000
93900 -634.000000
94000 -638.000000
94100 -636.000000
94200 -635.000000
94300 -632.000000
94400 -635.000000
94500 -632.000000
94600 -630.000000
94700 -633.000000
94800 -634.000000
94900 -629.000000
95000 -636.000000
95100 -632.000000
95200 -636.000000
95300 -629.000000
95400 -628.000000
95500 -637.000000
95600 -633.000000
95700 -633.000000
95800 -635.000000
95900 -633.000000
96000 -638.000000
96100 -632.000000
96200 -632.000000
96300 -634.000000
96400 -630.000000
96500 -634.000000
96600 -636.000000
96700 -634.000000
96800 -633.000000
96900 -630.000000
97000 -632.000000
97100 -636.000000
97200 -629.000000
97300 -633.000000
97400 -634.000000
97500 -631.000000
97600 -629.000000
97700 -633.000000
97800 -631.000000
97900 -632.000000
98000 -633.000000
98100 -631.000000
98200 -633.000000
98300 -628.000000
98400 -633.000000
98500 -633.000000
98600 -632.000000
98700 -632.000000
98800 -630.000000
98900 -627.000000
99000 -630.000000
99100 -633.000000
99200 -631.000000
99300 -633.000000
99400 -634.000000
99500 -638.000000
99600 -633.000000
99700 -630.000000
99800 -631.000000
99900 -635.000000
100000 -634.000000
100100 -635.000000
100200 -627.000000
100300 -634.000000
100400 -629.000000
100500 -635.000000
100600 -632.000000
100700 -629.000000
100800 -630.000000
100900 -628.000000
101000 -630.000000
101100 -628.000000
101200 -633.000000
101300 -635.000000
101400 -632.000000
101500 -630.000000
101600 -627.000000
101700 -637.000000
101800 -630.000000
101900 -626.000000
102000 -630.000000
102100 -627.000000
102200 -630.000000
102300 -633.000000
102400 -634.000000
102500 -631.000000
102600 -632.000000
102700 -627.000000
102800 -630.000000
102900 -634.000000
103000 -629.000000
103100 -637.000000
103200 -625.000000
103300 -625.000000
103400 -635.000000
103500 -630.000000
103600 -632.000000
103700 -630.000000
103800 -629.000000
103900 -631.000000
104000 -636.000000
104100 -631.000000
104200 -616.000000
104300 -628.000000
104400 -628.000000
104500 -624.000000
104600 -631.000000
104700 -621.000000
104800 -625.000000
104900 -623.000000
105000 -622.000000
105100 -625.000000
105200 -618.000000
105300 -616.000000
105400 -628.000000
105500 -618.000000
105600 -620.000000
105700 -614.000000
105800 -609.000000
105900 -607.000000
106000 -613.000000
106100 -608.000000
106200 -606.000000
106300 -604.000000
106400 -600.000000
106500 -612.000000
106600 -600.000000
106700 -607.000000
106800 -609.000000
106900 -605.000000
107000 -601.000000
107100 -603.000000
107200 -607.000000
107300 -606.000000
107400 -607.000000
107500 -619.000000
107600 -609.000000
107700 -596.000000
107800 -596.000000
107900 -596.000000
108000 -596.000000
108100 -596.000000
108200 -596.000000
108300 -596.000000
108400 -596.000000
108500 -596.000000
108600 -596.000000
108700 -596.000000
108800 -596.000000
108900 -596.000000
109000 -596.000000
109100 -602.000000
109200 -604.000000
109300 -592.000000
109400 -606.000000
109500 -598.000000
109600 -600.000000
109700 -600.000000
109800 -596.000000
109900 -599.000000
110000 -592.000000
110100 -601.000000
110200 -600.000000
110300 -600.000000
110400 -596.000000
110500 -596.000000
110600 -596.000000
110700 -596.000000
110800 -596.000000
110900 -596.000000
111000 -596.000000
111100 -596.000000
111200 -596.000000
111300 -596.000000
111400 -596.000000
111500 -596.000000
111600 -596.000000
111700 -596.000000
111800 -596.000000
111900 -596.000000
112000 -596.000000
112100 -596.000000
112200 -596.000000
112300 -596.000000
112400 -596.000000
112500 -596.000000
112600 -596.000000
112700 -596.000000
112800 -596.000000
112900 -596.000000
113000 -596.000000
113100 -596.000000
113200 -600.000000
113300 -595.000000
113400 -596.000000
113500 -596.000000
113600 -596.000000
113700 -596.000000
113800 -596.000000
113900 -596.000000
114000 -596.000000
114100 -596.000000
114200 -596.000000
114300 -596.000000
114400 -596.000000
114500 -596.000000
114600 -596.000000
114700 -596.000000
114800 -596.000000
114900 -596.000000
115000 -596.000000
115100 -596.000000
115200 -596.000000
115300 -596.000000
115400 -596.000000
115500 -596.000000
115600 -596.000000
115700 -596.000000
115800 -596.000000
115900 -596.000000
116000 -596.000000
116100 -596.000000
116200 -596.000000
116300 -596.000000
116400 -596.000000
116500 -596.000000
116600 -596.000000
116700 -596.000000
116800 -596.000000
116900 -596.000000
117000 -596.000000
117100 -596.000000
117200 -596.000000
117300 -596.000000
117400 -596.000000
117500 -596.000000
117600 -596.000000
117700 -596.000000
117800 -596.000000
117900 -596.000000
118000 -596.000000
118100 -596.000000
118200 -596.000000
118300 -596.000000
118400 -596.000000
118500 -596.000000
118600 -596.000000
118700 -596.000000
118800 -596.000000
118900 -596.000000
119000 -596.000000
119100 -596.000000
119200 -596.000000
119300 -596.000000
119400 -596.000000
119500 -596.000000
119600 -596.000000
119700 -596.000000
119800 -596.000000
119900 -596.000000
120000 -595.000000
120100 -600.000000
120200 -596.000000
120300 -596.000000
120400 -596.000000
120500 -596.000000
120600 -596.000000
120700 -596.000000
120800 -596.000000
120900 -596.000000
121000 -596.000000
121100 -596.000000
121200 -596.000000
121300 -596.000000
121400 -596.000000
121500 -596.000000
121600 -596.000000
121700 -596.000000
121800 -596.000000
121900 -596.000000
122000 -596.000000
122100 -596.000000
122200 -596.000000
122300 -596.000000
122400 -596.000000
122500 -596.000000
122600 -596.000000
122700 -596.000000
122800 -596.000000
122900 -596.000000
123000 -596.000000
123100 -596.000000
123200 -596.000000
123300 -596.000000
123400 -596.000000
123500 -596.000000
123600 -596.000000
123700 -596.000000
123800 -596.000000
123900 -596.000000
124000 -596.000000
124100 -596.000000
124200 -596.000000
124300 -596.000000
124400 -596.000000
124500 -596.000000
124600 -596.000000
124700 -596.000000
124800 -596.000000
124900 -596.000000
125000 -596.000000
125100 -596.000000
125200 -596.000000
125300 -596.000000
125400 -596.000000
125500 -596.000000
125600 -596.000000
125700 -596.000000
125800 -596.000000
125900 -596.000000
126000 -596.000000
126100 -596.000000
126200 -596.000000
126300 -596.000000
126400 -596.000000
126500 -596.000000
126600 -596.000000
126700 -596.000000
126800 -596.000000
126900 -596.000000
127000 -596.000000
127100 -596.000000
127200 -596.000000
127300 -596.000000
127400 -596.000000
127500 -596.000000
127600 -596.000000
127700 -596.000000
127800 -596.000000
127900 -596.000000
128000 -596.000000
128100 -596.000000
128200 -596.000000
128300 -596.000000
128400 -596.000000
128500 -596.000000
128600 -596.000000
128700 -596.000000
128800 -596.000000
128900 -596.000000
129000 -596.000000
129100 -596.000000
129200 -596.000000
129300 -596.000000
129400 -596.000000
129500 -596.000000
129600 -596.000000
129700 -596.000000
129800 -596.000000
129900 -596.000000
130000 -596.000000
130100 -596.000000
130200 -596.000000
130300 -598.000000
130400 -603.000000
130500 -599.000000
130600 -593.000000
130700 -600.000000
130800 -599.000000
130900 -596.000000
131000 -596.000000
131100 -596.000000
131200 -596.000000
131300 -596.000000
131400 -596.000000
131500 -596.000000
131600 -596.000000
131700 -596.000000
131800 -596.000000
131900 -596.000000
132000 -596.000000
132100 -596.000000
132200 -596.000000
132300 -596.000000
132400 -596.000000
132500 -596.000000
132600 -596.000000
132700 -596.000000
132800 -596.000000
132900 -593.000000
133000 -596.000000
133100 -595.000000
133200 -596.000000
133300 -596.000000
133400 -588.000000
133500 -591.000000
133600 -596.000000
133700 -589.000000
133800 -583.000000
133900 -591.000000
134000 -591.000000
134100 -596.000000
134200 -589.000000
134300 -596.000000
134400 -592.000000
134500 -592.000000
134600 -584.000000
134700 -584.000000
134800 -584.000000
134900 -588.000000
135000 -588.000000
135100 -588.000000
135200 -588.000000
135300 -591.000000
135400 -586.000000
135500 -588.000000
135600 -589.000000
135700 -589.000000
135800 -586.000000
135900 -589.000000
136000 -589.000000
136100 -592.000000
136200 -589.000000
136300 -590.000000
136400 -590.000000
136500 -590.000000
136600 -575.000000
136700 -590.000000
136800 -590.000000
136900 -590.000000
137000 -590.000000
137100 -588.000000
137200 -588.000000
137300 -590.000000
137400 -590.000000
137500 -590.000000
137600 -590.000000
137700 -590.000000
137800 -590.000000
137900 -583.000000
138000 -587.000000
138100 -589.000000
138200 -590.000000
138300 -590.000000
138400 -590.000000
138500 -590.000000
138600 -590.000000
138700 -590.000000
138800 -575.000000
138900 -589.000000
139000 -586.000000
139100 -590.000000
139200 -590.000000
139300 -582.000000
139400 -589.000000
139500 -590.000000
139600 -590.000000
139700 -590.000000
139800 -590.000000
139900 -590.000000
140000 -582.000000
140100 -587.000000
140200 -589.000000
140300 -581.000000
140400 -590.000000
140500 -590.000000
140600 -590.000000
140700 -590.000000
140800 -590.000000
140900 -585.000000
141000 -590.000000
141100 -590.000000
141200 -590.000000
141300 -590.000000
141400 -590.000000
141500 -586.000000
141600 -589.000000
141700 -590.000000
141800 -590.000000
141900 -586.000000
142000 -586.000000
142100 -590.000000
142200 -590.000000
142300 -590.000000
142400 -590.000000
142500 -590.000000
142600 -590.000000
142700 -587.000000
142800 -590.000000
142900 -590.000000
143000 -587.000000
143100 -590.000000
143200 -590.000000
143300 -590.000000
143400 -585.000000
143500 -587.000000
143600 -590.000000
143700 -586.000000
143800 -590.000000
143900 -587.000000
144000 -589.000000
144100 -591.000000
144200 -592.000000
144300 -591.000000
144400 -590.000000
144500 -590.000000
144600 -590.000000
144700 -590.000000
144800 -590.000000
144900 -590.000000
145000 -590.000000
145100 -590.000000
145200 -590.000000
145300 -590.000000
145400 -590.000000
145500 -590.000000
145600 -590.000000
145700 -590.000000
145800 -590.000000
145900 -590.000000
146000 -590.000000
146100 -590.000000
146200 -590.000000
146300 -590.000000
146400 -590.000000
146500 -590.000000
146600 -590.000000
146700 -590.000000
146800 -590.000000
146900 -590.000000
147000 -590.000000
147100 -590.000000
147200 -590.000000
147300 -590.000000
147400 -590.000000
147500 -590.000000
147600 -590.000000
147700 -590.000000
147800 -590.000000
147900 -590.000000
148000 -590.000000
148100 -590.000000
148200 -590.000000
148300 -590.000000
148400 -590.000000
148500 -590.000000
148600 -590.000000
148700 -590.000000
148800 -589.000000
148900 -590.000000
149000 -590.000000
149100 -590.000000
149200 -590.000000
149300 -590.000000
149400 -590.000000
149500 -590.000000
149600 -590.000000
149700 -576.000000
149800 -576.000000
149900 -576.000000
150000 -576.000000
150100 -576.000000
150200 -576.000000
150300 -576.000000
150400 -576.000000
150500 -576.000000
150600 -576.000000
150700 -576.000000
150800 -576.000000
150900 -576.000000
151000 -576.000000
151100 -576.000000
151200 -576.000000
151300 -576.000000
151400 -576.000000
151500 -576.000000
151600 -576.000000
151700 -576.000000
151800 -576.000000
151900 -576.000000
152000 -576.000000
152100 -576.000000
152200 -576.000000
152300 -576.000000
152400 -576.000000
152500 -576.000000
152600 -576.000000
152700 -575.000000
152800 -576.000000
152900 -576.000000
153000 -576.000000
153100 -575.000000
153200 -576.000000
153300 -576.000000
153400 -576.000000
153500 -575.000000
153600 -576.000000
153700 -575.000000
153800 -576.000000
153900 -576.000000
154000 -576.000000
154100 -576.000000
154200 -576.000000
154300 -575.000000
154400 -576.000000
154500 -576.000000
154600 -576.000000
154700 -575.000000
154800 -576.000000
154900 -576.000000
155000 -576.000000
155100 -576.000000
155200 -576.000000
155300 -575.000000
155400 -576.000000
155500 -576.000000
155600 -576.000000
155700 -576.000000
155800 -576.000000
155900 -576.000000
156000 -576.000000
156100 -576.000000
156200 -575.000000
156300 -576.000000
156400 -576.000000
156500 -576.000000
156600 -576.000000
156700 -576.000000
156800 -576.000000
156900 -575.000000
157000 -576.000000
157100 -576.000000
157200 -576.000000
157300 -576.000000
157400 -576.000000
157500 -576.000000
157600 -576.000000
157700 -576.000000
157800 -576.000000
157900 -576.000000
158000 -576.000000
158100 -576.000000
158200 -576.000000
158300 -576.000000
158400 -576.000000
158500 -576.000000
158600 -576.000000
158700 -576.000000
158800 -576.000000
158900 -576.000000
159000 -576.000000
159100 -576.000000
159200 -576.000000
159300 -576.000000
159400 -573.000000
159500 -576.000000
159600 -571.000000
159700 -576.000000
159800 -576.000000
159900 -571.000000
160000 -576.000000
160100 -576.000000
160200 -574.000000
160300 -576.000000
160400 -576.000000
160500 -576.000000
160600 -576.000000
160700 -576.000000
160800 -576.000000
160900 -576.000000
161000 -576.000000
161100 -576.000000
161200 -576.000000
161300 -576.000000
161400 -576.000000
161500 -576.000000
161600 -576.000000
161700 -576.000000
161800 -576.000000
161900 -576.000000
162000 -576.000000
162100 -576.000000
162200 -576.000000
162300 -571.000000
162400 -576.000000
162500 -572.000000
162600 -576.000000
162700 -576.000000
162800 -572.000000
162900 -567.000000
163000 -576.000000
163100 -566.000000
163200 -576.000000
163300 -575.000000
163400 -575.000000
163500 -572.000000
163600 -575.000000
163700 -575.000000
163800 -576.000000
163900 -576.000000
164000 -571.000000
164100 -576.000000
164200 -576.000000
164300 -576.000000
164400 -576.000000
164500 -564.000000
164600 -558.000000
164700 -561.000000
164800 -563.000000
164900 -565.000000
165000 -561.000000
165100 -570.000000
165200 -569.000000
165300 -571.000000
165400 -567.000000
165500 -564.000000
165600 -567.000000
165700 -559.000000
165800 -565.000000
165900 -565.000000
166000 -561.000000
166100 -569.000000
166200 -562.000000
166300 -560.000000
166400 -564.000000
166500 -560.000000
166600 -567.000000
166700 -572.000000
166800 -571.000000
166900 -553.000000
167000 -566.000000
167100 -560.000000
167200 -556.000000
167300 -558.000000
167400 -555.000000
167500 -558.000000
167600 -563.000000
167700 -562.000000
167800 -557.000000
167900 -568.000000
168000 -561.000000
168100 -563.000000
168200 -557.000000
168300 -565.000000
168400 -559.000000
168500 -555.000000
168600 -564.000000
168700 -562.000000
168800 -557.000000
168900 -564.000000
169000 -565.000000
169100 -558.000000
169200 -560.000000
169300 -563.000000
169400 -560.000000
169500 -561.000000
169600 -565.000000
169700 -566.000000
169800 -565.000000
169900 -562.000000
170000 -569.000000
170100 -558.000000
170200 -565.000000
170300 -558.000000
170400 -561.000000
170500 -557.000000
170600 -552.000000
170700 -569.000000
170800 -556.000000
170900 -556.000000
171000 -559.000000
171100 -560.000000
171200 -564.000000
171300 -553.000000
171400 -553.000000
171500 -563.000000
171600 -550.000000
171700 -552.000000
171800 -548.000000
171900 -555.000000
172000 -552.000000
172100 -561.000000
172200 -557.000000
172300 -570.000000
172400 -566.000000
172500 -575.000000
172600 -557.000000
172700 -565.000000
172800 -555.000000
172900 -562.000000
173000 -561.000000
173100 -559.000000
173200 -560.000000
173300 -554.000000
173400 -565.000000
173500 -555.000000
173600 -556.000000
173700 -556.000000
173800 -553.000000
173900 -559.000000
174000 -559.000000
174100 -571.000000
174200 -563.000000
174300 -556.000000
174400 -561.000000
174500 -559.000000
174600 -566.000000
174700 -555.000000
174800 -563.000000
174900 -559.000000
175000 -564.000000
175100 -565.000000
175200 -575.000000
175300 -573.000000
175400 -565.000000
175500 -560.000000
175600 -567.000000
175700 -564.000000
175800 -560.000000
175900 -559.000000
176000 -564.000000
176100 -568.000000
176200 -566.000000
176300 -561.000000
176400 -555.000000
176500 -560.000000
176600 -563.000000
176700 -561.000000
176800 -562.000000
176900 -560.000000
177000 -554.000000
177100 -556.000000
177200 -560.000000
177300 -562.000000
177400 -563.000000
177500 -560.000000
177600 -555.000000
177700 -544.000000
177800 -545.000000
177900 -544.000000
178000 -545.000000
178100 -544.000000
178200 -544.000000
178300 -545.000000
178400 -543.000000
178500 -542.000000
178600 -543.000000
178700 -545.000000
178800 -547.000000
178900 -543.000000
179000 -544.000000
179100 -545.000000
179200 -544.000000
179300 -544.000000
179400 -544.000000
179500 -544.000000
179600 -543.000000
179700 -543.000000
179800 -544.000000
179900 -543.000000
180000 -543.000000
180100 -543.000000
180200 -543.000000
180300 -543.000000
180400 -543.000000
180500 -545.000000
180600 -541.000000
180700 -544.000000
180800 -543.000000
180900 -544.000000
181000 -543.000000
181100 -543.000000
181200 -544.000000
181300 -544.000000
181400 -544.000000
181500 -544.000000
181600 -544.000000
181700 -545.000000
181800 -543.000000
181900 -542.000000
182000 -545.000000
182100 -545.000000
182200 -544.000000
182300 -542.000000
182400 -544.000000
182500 -544.000000
182600 -544.000000
182700 -543.000000
182800 -542.000000
182900 -544.000000
183000 -544.000000
183100 -543.000000
183200 -544.000000
183300 -544.000000
183400 -543.000000
183500 -545.000000
183600 -543.000000
183700 -544.000000
183800 -543.000000
183900 -545.000000
184000 -543.000000
184100 -539.000000
184200 -541.000000
184300 -542.000000
184400 -544.000000
184500 -544.000000
184600 -544.000000
184700 -544.000000
184800 -542.000000
184900 -544.000000
185000 -543.000000
185100 -544.000000
185200 -544.000000
185300 -534.000000
185400 -534.000000
185500 -544.000000
185600 -541.000000
185700 -543.000000
185800 -539.000000
185900 -543.000000
186000 -543.000000
186100 -532.000000
186200 -542.000000
186300 -544.000000
186400 -533.000000
186500 -544.000000
186600 -544.000000
186700 -541.000000
186800 -536.000000
186900 -536.000000
187000 -538.000000
187100 -541.000000
187200 -535.000000
187300 -543.000000
187400 -541.000000
187500 -538.000000
187600 -541.000000
187700 -537.000000
187800 -537.000000
187900 -538.000000
188000 -540.000000
188100 -535.000000
188200 -542.000000
188300 -534.000000
188400 -535.000000
188500 -540.000000
188600 -540.000000
188700 -526.000000
188800 -541.000000
188900 -537.000000
189000 -537.000000
189100 -542.000000
189200 -542.000000
189300 -544.000000
189400 -542.000000
189500 -539.000000
189600 -541.000000
189700 -543.000000
189800 -533.000000
189900 -541.000000
190000 -538.000000
190100 -536.000000
190200 -539.000000
190300 -538.000000
190400 -544.000000
190500 -538.000000
190600 -528.000000
190700 -525.000000
190800 -541.000000
190900 -534.000000
191000 -543.000000
191100 -544.000000
191200 -544.000000
191300 -542.000000
191400 -543.000000
191500 -540.000000
191600 -540.000000
191700 -535.000000
191800 -543.000000
191900 -542.000000
192000 -543.000000
192100 -542.000000
192200 -541.000000
192300 -536.000000
192400 -543.000000
192500 -544.000000
192600 -541.000000
192700 -539.000000
192800 -544.000000
192900 -541.000000
193000 -544.000000
193100 -540.000000
193200 -543.000000
193300 -544.000000
193400 -544.000000
193500 -542.000000
193600 -536.000000
193700 -542.000000
193800 -542.000000
193900 -543.000000
194000 -537.000000
194100 -544.000000
194200 -541.000000
194300 -541.000000
194400 -542.000000
194500 -543.000000
194600 -543.000000
194700 -538.000000
194800 -541.000000
194900 -540.000000
195000 -542.000000
195100 -540.000000
195200 -539.000000
195300 -539.000000
195400 -537.000000
195500 -537.000000
195600 -537.000000
195700 -536.000000
195800 -538.000000
195900 -538.000000
196000 -539.000000
196100 -533.000000
196200 -543.000000
196300 -538.000000
196400 -537.000000
196500 -537.000000
196600 -539.000000
196700 -542.000000
196800 -540.000000
196900 -538.000000
197000 -534.000000
197100 -535.000000
197200 -542.000000
197300 -531.000000
197400 -537.000000
197500 -532.000000
197600 -542.000000
197700 -533.000000
197800 -535.000000
197900 -539.000000
198000 -531.000000
198100 -542.000000
198200 -540.000000
198300 -535.000000
198400 -539.000000
198500 -541.000000
198600 -538.000000
198700 -542.000000
198800 -533.000000
198900 -532.000000
199000 -539.000000
199100 -533.000000
199200 -541.000000
199300 -536.000000
199400 -530.000000
199500 -537.000000
199600 -541.000000
199700 -540.000000
199800 -536.000000
199900 -537.000000
