0 -1024.000000
100 -864.000000
200 -864.000000
300 -864.000000
400 -864.000000
500 -864.000000
600 -864.000000
700 -864.000000
800 -864.000000
900 -862.000000
1000 -864.000000
1100 -864.000000
1200 -864.000000
1300 -863.000000
1400 -864.000000
1500 -864.000000
1600 -864.000000
1700 -864.000000
1800 -864.000000
1900 -864.000000
2000 -864.000000
2100 -864.000000
2200 -859.000000
2300 -847.000000
2400 -842.000000
2500 -832.000000
2600 -832.000000
2700 -832.000000
2800 -831.000000
2900 -832.000000
3000 -832.000000
3100 -832.000000
3200 -832.000000
3300 -822.000000
3400 -832.000000
3500 -827.000000
3600 -826.000000
3700 -829.000000
3800 -832.000000
3900 -829.000000
4000 -828.000000
4100 -831.000000
4200 -830.000000
4300 -832.000000
4400 -832.000000
4500 -831.000000
4600 -831.000000
4700 -830.000000
4800 -830.000000
4900 -832.000000
5000 -832.000000
5100 -826.000000
5200 -831.000000
5300 -829.000000
5400 -831.000000
5500 -831.000000
5600 -832.000000
5700 -830.000000
5800 -832.000000
5900 -823.000000
6000 -825.000000
6100 -827.000000
6200 -830.000000
6300 -830.000000
6400 -828.000000
6500 -830.000000
6600 -832.000000
6700 -818.000000
6800 -821.000000
6900 -832.000000
7000 -832.000000
7100 -832.000000
7200 -832.000000
7300 -832.000000
7400 -827.000000
7500 -832.000000
7600 -815.000000
7700 -829.000000
7800 -824.000000
7900 -816.000000
8000 -832.000000
8100 -832.000000
8200 -832.000000
8300 -832.000000
8400 -824.000000
8500 -831.000000
8600 -825.000000
8700 -830.000000
8800 -822.000000
8900 -832.000000
9000 -828.000000
9100 -832.000000
9200 -832.000000
9300 -825.000000
9400 -831.000000
9500 -830.000000
9600 -826.000000
9700 -828.000000
9800 -827.000000
9900 -829.000000
10000 -827.000000
10100 -816.000000
10200 -805.000000
10300 -817.000000
10400 -806.000000
10500 -829.000000
10600 -832.000000
10700 -832.000000
10800 -832.000000
10900 -832.000000
11000 -832.000000
11100 -832.000000
11200 -832.000000
11300 -832.000000
11400 -832.000000
11500 -832.000000
11600 -832.000000
11700 -832.000000
11800 -832.000000
11900 -831.000000
12000 -831.000000
12100 -831.000000
12200 -832.000000
12300 -832.000000
12400 -831.000000
12500 -830.000000
12600 -831.000000
12700 -831.000000
12800 -832.000000
12900 -832.000000
13000 -826.000000
13100 -832.000000
13200 -800.000000
13300 -800.000000
13400 -800.000000
13500 -800.000000
13600 -800.000000
13700 -800.000000
13800 -790.000000
13900 -800.000000
14000 -788.000000
14100 -789.000000
14200 -800.000000
14300 -795.000000
14400 -799.000000
14500 -783.000000
14600 -796.000000
14700 -794.000000
14800 -787.000000
14900 -784.000000
15000 -793.000000
15100 -794.000000
15200 -796.000000
15300 -794.000000
15400 -799.000000
15500 -798.000000
15600 -800.000000
15700 -800.000000
15800 -800.000000
15900 -798.000000
16000 -800.000000
16100 -799.000000
16200 -798.000000
16300 -798.000000
16400 -800.000000
16500 -800.000000
16600 -797.000000
16700 -796.000000
16800 -799.000000
16900 -789.000000
17000 -790.000000
17100 -789.000000
17200 -792.000000
17300 -783.000000
17400 -794.000000
17500 -791.000000
17600 -796.000000
17700 -783.000000
17800 -795.000000
17900 -789.000000
18000 -791.000000
18100 -787.000000
18200 -793.000000
18300 -783.000000
18400 -787.000000
18500 -798.000000
18600 -789.000000
18700 -789.000000
18800 -789.000000
18900 -793.000000
19000 -780.000000
19100 -795.000000
19200 -788.000000
19300 -787.000000
19400 -790.000000
19500 -796.000000
19600 -797.000000
19700 -793.000000
19800 -787.000000
19900 -791.000000
20000 -794.000000
20100 -796.000000
20200 -787.000000
20300 -794.000000
20400 -790.000000
20500 -797.000000
20600 -793.000000
20700 -781.000000
20800 -774.000000
20900 -786.000000
21000 -789.000000
21100 -774.000000
21200 -768.000000
21300 -770.000000
21400 -768.000000
21500 -772.000000
21600 -770.000000
21700 -770.000000
21800 -770.000000
21900 -769.000000
22000 -767.000000
22100 -765.000000
22200 -767.000000
22300 -768.000000
22400 -770.000000
22500 -766.000000
22600 -769.000000
22700 -767.000000
22800 -771.000000
22900 -771.000000
23000 -769.000000
23100 -771.000000
23200 -771.000000
23300 -770.000000
23400 -767.000000
23500 -769.000000
23600 -771.000000
23700 -773.000000
23800 -767.000000
23900 -770.000000
24000 -770.000000
24100 -767.000000
24200 -767.000000
24300 -772.000000
24400 -769.000000
24500 -766.000000
24600 -766.000000
24700 -773.000000
24800 -768.000000
24900 -767.000000
25000 -769.000000
25100 -767.000000
25200 -769.000000
25300 -767.000000
25400 -767.000000
25500 -767.000000
25600 -768.000000
25700 -767.000000
25800 -768.000000
25900 -767.000000
26000 -761.000000
26100 -765.000000
26200 -762.000000
26300 -768.000000
26400 -767.000000
26500 -767.000000
26600 -765.000000
26700 -767.000000
26800 -768.000000
26900 -764.000000
27000 -767.000000
27100 -764.000000
27200 -768.000000
27300 -758.000000
27400 -764.000000
27500 -767.000000
27600 -761.000000
27700 -767.000000
27800 -768.000000
27900 -767.000000
28000 -766.000000
28100 -767.000000
28200 -766.000000
28300 -760.000000
28400 -760.000000
28500 -762.000000
28600 -768.000000
28700 -762.000000
28800 -768.000000
28900 -744.000000
29000 -767.000000
29100 -766.000000
29200 -748.000000
29300 -768.000000
29400 -760.000000
29500 -761.000000
29600 -744.000000
29700 -749.000000
29800 -767.000000
29900 -768.000000
30000 -764.000000
30100 -766.000000
30200 -763.000000
30300 -768.000000
30400 -764.000000
30500 -764.000000
30600 -764.000000
30700 -755.000000
30800 -767.000000
30900 -768.000000
31000 -757.000000
31100 -766.000000
31200 -768.000000
31300 -747.000000
31400 -757.000000
31500 -768.000000
31600 -751.000000
31700 -766.000000
31800 -767.000000
31900 -766.000000
32000 -760.000000
32100 -762.000000
32200 -767.000000
32300 -767.000000
32400 -767.000000
32500 -765.000000
32600 -767.000000
32700 -757.000000
32800 -767.000000
32900 -767.000000
33000 -767.000000
33100 -766.000000
33200 -767.000000
33300 -749.000000
33400 -747.000000
33500 -763.000000
33600 -764.000000
33700 -736.000000
33800 -756.000000
33900 -750.000000
34000 -747.000000
34100 -750.000000
34200 -749.000000
34300 -759.000000
34400 -743.000000
34500 -759.000000
34600 -749.000000
34700 -751.000000
34800 -744.000000
34900 -753.000000
35000 -745.000000
35100 -753.000000
35200 -759.000000
35300 -747.000000
35400 -753.000000
35500 -757.000000
35600 -755.000000
35700 -754.000000
35800 -739.000000
35900 -757.000000
36000 -742.000000
36100 -746.000000
36200 -748.000000
36300 -745.000000
36400 -755.000000
36500 -766.000000
36600 -761.000000
36700 -745.000000
36800 -744.000000
36900 -749.000000
37000 -745.000000
37100 -751.000000
37200 -756.000000
37300 -747.000000
37400 -754.000000
37500 -749.000000
37600 -753.000000
37700 -748.000000
37800 -743.000000
37900 -749.000000
38000 -756.000000
38100 -747.000000
38200 -747.000000
38300 -754.000000
38400 -746.000000
38500 -755.000000
38600 -767.000000
38700 -755.000000
38800 -748.000000
38900 -741.000000
39000 -739.000000
39100 -751.000000
39200 -752.000000
39300 -754.000000
39400 -748.000000
39500 -745.000000
39600 -735.000000
39700 -753.000000
39800 -759.000000
39900 -755.000000
40000 -751.000000
40100 -749.000000
40200 -742.000000
40300 -759.000000
40400 -695.000000
40500 -727.000000
40600 -733.000000
40700 -699.000000
40800 -706.000000
40900 -695.000000
41000 -728.000000
41100 -723.000000
41200 -728.000000
41300 -711.000000
41400 -697.000000
41500 -721.000000
41600 -723.000000
41700 -711.000000
41800 -714.000000
41900 -716.000000
42000 -712.000000
42100 -700.000000
42200 -704.000000
42300 -715.000000
42400 -702.000000
42500 -720.000000
42600 -729.000000
42700 -714.000000
42800 -707.000000
42900 -702.000000
43000 -719.000000
43100 -724.000000
43200 -709.000000
43300 -716.000000
43400 -715.000000
43500 -722.000000
43600 -718.000000
43700 -711.000000
43800 -710.000000
43900 -718.000000
44000 -724.000000
44100 -712.000000
44200 -719.000000
44300 -721.000000
44400 -710.000000
44500 -704.000000
44600 -722.000000
44700 -722.000000
44800 -708.000000
44900 -718.000000
45000 -716.000000
45100 -717.000000
45200 -712.000000
45300 -712.000000
45400 -719.000000
45500 -713.000000
45600 -716.000000
45700 -709.000000
45800 -711.000000
45900 -713.000000
46000 -713.000000
46100 -713.000000
46200 -705.000000
46300 -703.000000
46400 -693.000000
46500 -706.000000
46600 -704.000000
46700 -702.000000
46800 -704.000000
46900 -693.000000
47000 -706.000000
47100 -701.000000
47200 -694.000000
47300 -687.000000
47400 -690.000000
47500 -705.000000
47600 -705.000000
47700 -704.000000
47800 -704.000000
47900 -701.000000
48000 -703.000000
48100 -704.000000
48200 -703.000000
48300 -704.000000
48400 -704.000000
48500 -704.000000
48600 -704.000000
48700 -703.000000
48800 -704.000000
48900 -703.000000
49000 -704.000000
49100 -704.000000
49200 -703.000000
49300 -704.000000
49400 -704.000000
49500 -704.000000
49600 -702.000000
49700 -705.000000
49800 -703.000000
49900 -704.000000
50000 -703.000000
50100 -702.000000
50200 -704.000000
50300 -704.000000
50400 -703.000000
50500 -703.000000
50600 -703.000000
50700 -704.000000
50800 -703.000000
50900 -704.000000
51000 -704.000000
51100 -703.000000
51200 -703.000000
51300 -704.000000
51400 -703.000000
51500 -704.000000
51600 -703.000000
51700 -704.000000
51800 -704.000000
51900 -704.000000
52000 -704.000000
52100 -703.000000
52200 -704.000000
52300 -704.000000
52400 -704.000000
52500 -704.000000
52600 -704.000000
52700 -701.000000
52800 -703.000000
52900 -704.000000
53000 -701.000000
53100 -703.000000
53200 -704.000000
53300 -701.000000
53400 -704.000000
53500 -704.000000
53600 -701.000000
53700 -703.000000
53800 -704.000000
53900 -704.000000
54000 -700.000000
54100 -704.000000
54200 -702.000000
54300 -704.000000
54400 -702.000000
54500 -699.000000
54600 -704.000000
54700 -690.000000
54800 -702.000000
54900 -696.000000
55000 -704.000000
55100 -684.000000
55200 -697.000000
55300 -694.000000
55400 -701.000000
55500 -694.000000
55600 -700.000000
55700 -683.000000
55800 -688.000000
55900 -702.000000
56000 -683.000000
56100 -703.000000
56200 -704.000000
56300 -704.000000
56400 -693.000000
56500 -700.000000
56600 -701.000000
56700 -704.000000
56800 -703.000000
56900 -702.000000
57000 -701.000000
57100 -703.000000
57200 -704.000000
57300 -702.000000
57400 -703.000000
57500 -702.000000
57600 -704.000000
57700 -703.000000
57800 -703.000000
57900 -704.000000
58000 -704.000000
58100 -703.000000
58200 -695.000000
58300 -703.000000
58400 -702.000000
58500 -703.000000
58600 -699.000000
58700 -702.000000
58800 -703.000000
58900 -700.000000
59000 -698.000000
59100 -703.000000
59200 -698.000000
59300 -703.000000
59400 -695.000000
59500 -704.000000
59600 -703.000000
59700 -704.000000
59800 -703.000000
59900 -704.000000
60000 -704.000000
60100 -703.000000
60200 -703.000000
60300 -691.000000
60400 -693.000000
60500 -680.000000
60600 -704.000000
60700 -688.000000
60800 -691.000000
60900 -689.000000
61000 -704.000000
61100 -691.000000
61200 -681.000000
61300 -701.000000
61400 -690.000000
61500 -702.000000
61600 -694.000000
61700 -703.000000
61800 -683.000000
61900 -701.000000
62000 -704.000000
62100 -703.000000
62200 -699.000000
62300 -700.000000
62400 -702.000000
62500 -704.000000
62600 -700.000000
62700 -703.000000
62800 -702.000000
62900 -703.000000
63000 -702.000000
63100 -704.000000
63200 -703.000000
63300 -703.000000
63400 -703.000000
63500 -702.000000
63600 -704.000000
63700 -702.000000
63800 -704.000000
63900 -701.000000
64000 -702.000000
64100 -704.000000
64200 -704.000000
64300 -702.000000
64400 -692.000000
64500 -701.000000
64600 -703.000000
64700 -700.000000
64800 -700.000000
64900 -694.000000
65000 -693.000000
65100 -699.000000
65200 -703.000000
65300 -703.000000
65400 -696.000000
65500 -691.000000
65600 -682.000000
65700 -703.000000
65800 -701.000000
65900 -702.000000
66000 -696.000000
66100 -686.000000
66200 -688.000000
66300 -695.000000
66400 -700.000000
66500 -702.000000
66600 -693.000000
66700 -701.000000
66800 -694.000000
66900 -701.000000
67000 -701.000000
67100 -688.000000
67200 -703.000000
67300 -686.000000
67400 -699.000000
67500 -698.000000
67600 -703.000000
67700 -700.000000
67800 -701.000000
67900 -691.000000
68000 -699.000000
68100 -687.000000
68200 -699.000000
68300 -685.000000
68400 -698.000000
68500 -702.000000
68600 -703.000000
68700 -699.000000
68800 -698.000000
68900 -703.000000
69000 -702.000000
69100 -703.000000
69200 -702.000000
69300 -704.000000
69400 -703.000000
69500 -704.000000
69600 -702.000000
69700 -702.000000
69800 -699.000000
69900 -701.000000
70000 -704.000000
70100 -701.000000
70200 -693.000000
70300 -704.000000
70400 -698.000000
70500 -703.000000
70600 -704.000000
70700 -685.000000
70800 -696.000000
70900 -698.000000
71000 -704.000000
71100 -702.000000
71200 -703.000000
71300 -704.000000
71400 -692.000000
71500 -700.000000
71600 -686.000000
71700 -689.000000
71800 -701.000000
71900 -699.000000
72000 -702.000000
72100 -699.000000
72200 -692.000000
72300 -699.000000
72400 -696.000000
72500 -696.000000
72600 -683.000000
72700 -690.000000
72800 -703.000000
72900 -690.000000
73000 -698.000000
73100 -703.000000
73200 -700.000000
73300 -693.000000
73400 -689.000000
73500 -695.000000
73600 -696.000000
73700 -684.000000
73800 -695.000000
73900 -694.000000
74000 -695.000000
74100 -691.000000
74200 -702.000000
74300 -699.000000
74400 -691.000000
74500 -694.000000
74600 -699.000000
74700 -696.000000
74800 -701.000000
74900 -691.000000
75000 -691.000000
75100 -692.000000
75200 -696.000000
75300 -679.000000
75400 -695.000000
75500 -697.000000
75600 -704.000000
75700 -690.000000
75800 -697.000000
75900 -699.000000
76000 -686.000000
76100 -692.000000
76200 -695.000000
76300 -695.000000
76400 -695.000000
76500 -699.000000
76600 -698.000000
76700 -701.000000
76800 -697.000000
76900 -700.000000
77000 -691.000000
77100 -692.000000
77200 -693.000000
77300 -698.000000
77400 -697.000000
77500 -700.000000
77600 -702.000000
77700 -704.000000
77800 -704.000000
77900 -699.000000
78000 -699.000000
78100 -700.000000
78200 -686.000000
78300 -701.000000
78400 -690.000000
78500 -696.000000
78600 -699.000000
78700 -701.000000
78800 -694.000000
78900 -702.000000
79000 -695.000000
79100 -691.000000
79200 -697.000000
79300 -703.000000
79400 -702.000000
79500 -698.000000
79600 -696.000000
79700 -686.000000
79800 -692.000000
79900 -695.000000
80000 -692.000000
80100 -699.000000
80200 -695.000000
80300 -697.000000
80400 -677.000000
80500 -700.000000
80600 -699.000000
80700 -672.000000
80800 -672.000000
80900 -672.000000
81000 -673.000000
81100 -662.000000
81200 -666.000000
81300 -666.000000
81400 -688.000000
81500 -684.000000
81600 -681.000000
81700 -664.000000
81800 -692.000000
81900 -682.000000
82000 -693.000000
82100 -695.000000
82200 -704.000000
82300 -698.000000
82400 -695.000000
82500 -699.000000
82600 -697.000000
82700 -695.000000
82800 -695.000000
82900 -704.000000
83000 -704.000000
83100 -693.000000
83200 -689.000000
83300 -691.000000
83400 -696.000000
83500 -700.000000
83600 -704.000000
83700 -704.000000
83800 -689.000000
83900 -703.000000
84000 -698.000000
84100 -693.000000
84200 -682.000000
84300 -699.000000
84400 -681.000000
84500 -698.000000
84600 -701.000000
84700 -698.000000
84800 -692.000000
84900 -702.000000
85000 -704.000000
85100 -699.000000
85200 -688.000000
85300 -696.000000
85400 -684.000000
85500 -694.000000
85600 -697.000000
85700 -696.000000
85800 -686.000000
85900 -698.000000
86000 -691.000000
86100 -695.000000
86200 -692.000000
86300 -691.000000
86400 -683.000000
86500 -698.000000
86600 -686.000000
86700 -693.000000
86800 -696.000000
86900 -689.000000
87000 -698.000000
87100 -687.000000
87200 -701.000000
87300 -683.000000
87400 -696.000000
87500 -686.000000
87600 -699.000000
87700 -698.000000
87800 -667.000000
87900 -689.000000
88000 -681.000000
88100 -680.000000
88200 -693.000000
88300 -691.000000
88400 -675.000000
88500 -694.000000
88600 -690.000000
88700 -698.000000
88800 -701.000000
88900 -690.000000
89000 -685.000000
89100 -693.000000
89200 -694.000000
89300 -703.000000
89400 -691.000000
89500 -700.000000
89600 -693.000000
89700 -694.000000
89800 -702.000000
89900 -703.000000
90000 -703.000000
90100 -703.000000
90200 -699.000000
90300 -702.000000
90400 -703.000000
90500 -695.000000
90600 -697.000000
90700 -700.000000
90800 -680.000000
90900 -690.000000
91000 -700.000000
91100 -692.000000
91200 -699.000000
91300 -700.000000
91400 -689.000000
91500 -689.000000
91600 -698.000000
91700 -695.000000
91800 -694.000000
91900 -692.000000
92000 -693.000000
92100 -702.000000
92200 -679.000000
92300 -698.000000
92400 -696.000000
92500 -697.000000
92600 -680.000000
92700 -677.000000
92800 -698.000000
92900 -692.000000
93000 -694.000000
93100 -687.000000
93200 -690.000000
93300 -697.000000
93400 -696.000000
93500 -693.000000
93600 -697.000000
93700 -691.000000
93800 -684.000000
93900 -693.000000
94000 -685.000000
94100 -694.000000
94200 -676.000000
94300 -694.000000
94400 -693.000000
94500 -692.000000
94600 -687.000000
94700 -699.000000
94800 -703.000000
94900 -700.000000
95000 -702.000000
95100 -697.000000
95200 -703.000000
95300 -703.000000
95400 -702.000000
95500 -698.000000
95600 -700.000000
95700 -692.000000
95800 -688.000000
95900 -704.000000
96000 -702.000000
96100 -696.000000
96200 -692.000000
96300 -695.000000
96400 -685.000000
96500 -700.000000
96600 -692.000000
96700 -688.000000
96800 -691.000000
96900 -691.000000
97000 -702.000000
97100 -700.000000
97200 -702.000000
97300 -703.000000
97400 -694.000000
97500 -695.000000
97600 -688.000000
97700 -688.000000
97800 -698.000000
97900 -693.000000
98000 -698.000000
98100 -702.000000
98200 -696.000000
98300 -698.000000
98400 -697.000000
98500 -696.000000
98600 -699.000000
98700 -700.000000
98800 -701.000000
98900 -702.000000
99000 -697.000000
99100 -703.000000
99200 -701.000000
99300 -704.000000
99400 -704.000000
99500 -700.000000
99600 -703.000000
99700 -698.000000
99800 -703.000000
99900 -704.000000
100000 -701.000000
100100 -688.000000
100200 -703.000000
100300 -704.000000
100400 -701.000000
100500 -703.000000
100600 -697.000000
100700 -702.000000
100800 -700.000000
100900 -702.000000
101000 -698.000000
101100 -702.000000
101200 -699.000000
101300 -703.000000
101400 -696.000000
101500 -703.000000
101600 -700.000000
101700 -704.000000
101800 -700.000000
101900 -698.000000
102000 -703.000000
102100 -703.000000
102200 -703.000000
102300 -696.000000
102400 -699.000000
102500 -702.000000
102600 -698.000000
102700 -697.000000
102800 -701.000000
102900 -695.000000
103000 -701.000000
103100 -697.000000
103200 -700.000000
103300 -698.000000
103400 -701.000000
103500 -703.000000
103600 -700.000000
103700 -697.000000
103800 -695.000000
103900 -703.000000
104000 -696.000000
104100 -698.000000
104200 -692.000000
104300 -688.000000
104400 -692.000000
104500 -695.000000
104600 -698.000000
104700 -703.000000
104800 -699.000000
104900 -695.000000
105000 -703.000000
105100 -696.000000
105200 -686.000000
105300 -698.000000
105400 -684.000000
105500 -694.000000
105600 -686.000000
105700 -699.000000
105800 -691.000000
105900 -703.000000
106000 -704.000000
106100 -704.000000
106200 -700.000000
106300 -703.000000
106400 -691.000000
106500 -696.000000
106600 -697.000000
106700 -701.000000
106800 -688.000000
106900 -687.000000
107000 -685.000000
107100 -698.000000
107200 -687.000000
107300 -686.000000
107400 -692.000000
107500 -700.000000
107600 -698.000000
107700 -692.000000
107800 -694.000000
107900 -692.000000
108000 -700.000000
108100 -698.000000
108200 -693.000000
108300 -702.000000
108400 -700.000000
108500 -696.000000
108600 -690.000000
108700 -687.000000
108800 -691.000000
108900 -684.000000
109000 -699.000000
109100 -696.000000
109200 -690.000000
109300 -693.000000
109400 -695.000000
109500 -698.000000
109600 -696.000000
109700 -689.000000
109800 -699.000000
109900 -699.000000
110000 -693.000000
110100 -701.000000
110200 -697.000000
110300 -702.000000
110400 -685.000000
110500 -688.000000
110600 -680.000000
110700 -699.000000
110800 -696.000000
110900 -698.000000
111000 -684.000000
111100 -697.000000
111200 -689.000000
111300 -688.000000
111400 -689.000000
111500 -694.000000
111600 -685.000000
111700 -680.000000
111800 -691.000000
111900 -698.000000
112000 -701.000000
112100 -691.000000
112200 -686.000000
112300 -687.000000
112400 -688.000000
112500 -694.000000
112600 -689.000000
112700 -694.000000
112800 -694.000000
112900 -699.000000
113000 -697.000000
113100 -689.000000
113200 -703.000000
113300 -696.000000
113400 -702.000000
113500 -699.000000
113600 -690.000000
113700 -683.000000
113800 -688.000000
113900 -690.000000
114000 -692.000000
114100 -700.000000
114200 -699.000000
114300 -692.000000
114400 -688.000000
114500 -693.000000
114600 -696.000000
114700 -679.000000
114800 -694.000000
114900 -698.000000
115000 -691.000000
115100 -678.000000
115200 -691.000000
115300 -700.000000
115400 -703.000000
115500 -696.000000
115600 -703.000000
115700 -694.000000
115800 -695.000000
115900 -700.000000
116000 -694.000000
116100 -693.000000
116200 -672.000000
116300 -672.000000
116400 -672.000000
116500 -672.000000
116600 -672.000000
116700 -672.000000
116800 -672.000000
116900 -672.000000
117000 -672.000000
117100 -672.000000
117200 -672.000000
117300 -672.000000
117400 -672.000000
117500 -672.000000
117600 -672.000000
117700 -672.000000
117800 -672.000000
117900 -672.000000
118000 -672.000000
118100 -670.000000
118200 -672.000000
118300 -672.000000
118400 -673.000000
118500 -670.000000
118600 -672.000000
118700 -672.000000
118800 -672.000000
118900 -672.000000
119000 -672.000000
119100 -672.000000
119200 -672.000000
119300 -672.000000
119400 -672.000000
119500 -672.000000
119600 -672.000000
119700 -665.000000
119800 -672.000000
119900 -672.000000
120000 -672.000000
120100 -672.000000
120200 -672.000000
120300 -672.000000
120400 -672.000000
120500 -672.000000
120600 -672.000000
120700 -672.000000
120800 -672.000000
120900 -672.000000
121000 -672.000000
121100 -672.000000
121200 -672.000000
121300 -672.000000
121400 -672.000000
121500 -672.000000
121600 -672.000000
121700 -672.000000
121800 -672.000000
121900 -672.000000
122000 -672.000000
122100 -672.000000
122200 -672.000000
122300 -672.000000
122400 -672.000000
122500 -672.000000
122600 -672.000000
122700 -672.000000
122800 -672.000000
122900 -672.000000
123000 -672.000000
123100 -672.000000
123200 -672.000000
123300 -672.000000
123400 -672.000000
123500 -672.000000
123600 -672.000000
123700 -672.000000
123800 -672.000000
123900 -672.000000
124000 -672.000000
124100 -672.000000
124200 -672.000000
124300 -672.000000
124400 -672.000000
124500 -672.000000
124600 -672.000000
124700 -672.000000
124800 -672.000000
124900 -672.000000
125000 -672.000000
125100 -672.000000
125200 -672.000000
125300 -672.000000
125400 -672.000000
125500 -672.000000
125600 -672.000000
125700 -672.000000
125800 -672.000000
125900 -670.000000
126000 -672.000000
126100 -672.000000
126200 -672.000000
126300 -672.000000
126400 -672.000000
126500 -672.000000
126600 -672.000000
126700 -672.000000
126800 -672.000000
126900 -672.000000
127000 -672.000000
127100 -671.000000
127200 -672.000000
127300 -672.000000
127400 -672.000000
127500 -672.000000
127600 -672.000000
127700 -672.000000
127800 -672.000000
127900 -672.000000
128000 -672.000000
128100 -672.000000
128200 -672.000000
128300 -672.000000
128400 -672.000000
128500 -672.000000
128600 -672.000000
128700 -672.000000
128800 -672.000000
128900 -672.000000
129000 -672.000000
129100 -672.000000
129200 -672.000000
129300 -672.000000
129400 -672.000000
129500 -672.000000
129600 -672.000000
129700 -672.000000
129800 -672.000000
129900 -672.000000
130000 -672.000000
130100 -672.000000
130200 -672.000000
130300 -670.000000
130400 -672.000000
130500 -672.000000
130600 -672.000000
130700 -672.000000
130800 -672.000000
130900 -672.000000
131000 -672.000000
131100 -672.000000
131200 -672.000000
131300 -672.000000
131400 -672.000000
131500 -672.000000
131600 -672.000000
131700 -672.000000
131800 -672.000000
131900 -672.000000
132000 -672.000000
132100 -672.000000
132200 -672.000000
132300 -672.000000
132400 -672.000000
132500 -672.000000
132600 -672.000000
132700 -672.000000
132800 -672.000000
132900 -672.000000
133000 -672.000000
133100 -672.000000
133200 -672.000000
133300 -672.000000
133400 -672.000000
133500 -672.000000
133600 -672.000000
133700 -672.000000
133800 -672.000000
133900 -670.000000
134000 -670.000000
134100 -672.000000
134200 -672.000000
134300 -671.000000
134400 -672.000000
134500 -668.000000
134600 -670.000000
134700 -672.000000
134800 -672.000000
134900 -672.000000
135000 -671.000000
135100 -670.000000
135200 -672.000000
135300 -672.000000
135400 -672.000000
135500 -670.000000
135600 -672.000000
135700 -672.000000
135800 -672.000000
135900 -672.000000
136000 -672.000000
136100 -672.000000
136200 -672.000000
136300 -672.000000
136400 -672.000000
136500 -672.000000
136600 -672.000000
136700 -672.000000
136800 -672.000000
136900 -672.000000
137000 -672.000000
137100 -672.000000
137200 -672.000000
137300 -672.000000
137400 -672.000000
137500 -672.000000
137600 -672.000000
137700 -672.000000
137800 -672.000000
137900 -672.000000
138000 -672.000000
138100 -672.000000
138200 -672.000000
138300 -672.000000
138400 -672.000000
138500 -672.000000
138600 -672.000000
138700 -672.000000
138800 -672.000000
138900 -672.000000
139000 -672.000000
139100 -672.000000
139200 -672.000000
139300 -672.000000
139400 -672.000000
139500 -672.000000
139600 -672.000000
139700 -672.000000
139800 -672.000000
139900 -672.000000
140000 -672.000000
140100 -672.000000
140200 -672.000000
140300 -671.000000
140400 -672.000000
140500 -672.000000
140600 -672.000000
140700 -672.000000
140800 -672.000000
140900 -672.000000
141000 -672.000000
141100 -672.000000
141200 -672.000000
141300 -671.000000
141400 -670.000000
141500 -672.000000
141600 -670.000000
141700 -672.000000
141800 -672.000000
141900 -672.000000
142000 -672.000000
142100 -672.000000
142200 -672.000000
142300 -672.000000
142400 -672.000000
142500 -672.000000
142600 -672.000000
142700 -672.000000
142800 -671.000000
142900 -672.000000
143000 -672.000000
143100 -672.000000
143200 -672.000000
143300 -672.000000
143400 -672.000000
143500 -672.000000
143600 -672.000000
143700 -672.000000
143800 -672.000000
143900 -672.000000
144000 -672.000000
144100 -672.000000
144200 -672.000000
144300 -672.000000
144400 -672.000000
144500 -672.000000
144600 -672.000000
144700 -672.000000
144800 -672.000000
144900 -672.000000
145000 -672.000000
145100 -672.000000
145200 -672.000000
145300 -672.000000
145400 -672.000000
145500 -666.000000
145600 -669.000000
145700 -672.000000
145800 -672.000000
145900 -671.000000
146000 -670.000000
146100 -670.000000
146200 -672.000000
146300 -668.000000
146400 -670.000000
146500 -672.000000
146600 -672.000000
146700 -672.000000
146800 -672.000000
146900 -672.000000
147000 -672.000000
147100 -672.000000
147200 -672.000000
147300 -672.000000
147400 -672.000000
147500 -672.000000
147600 -672.000000
147700 -672.000000
147800 -672.000000
147900 -672.000000
148000 -672.000000
148100 -672.000000
148200 -672.000000
148300 -672.000000
148400 -672.000000
148500 -672.000000
148600 -672.000000
148700 -672.000000
148800 -672.000000
148900 -668.000000
149000 -672.000000
149100 -667.000000
149200 -671.000000
149300 -667.000000
149400 -672.000000
149500 -672.000000
149600 -671.000000
149700 -671.000000
149800 -672.000000
149900 -672.000000
150000 -670.000000
150100 -672.000000
150200 -672.000000
150300 -671.000000
150400 -671.000000
150500 -672.000000
150600 -672.000000
150700 -672.000000
150800 -672.000000
150900 -672.000000
151000 -672.000000
151100 -672.000000
151200 -672.000000
151300 -672.000000
151400 -672.000000
151500 -672.000000
151600 -672.000000
151700 -672.000000
151800 -672.000000
151900 -672.000000
152000 -672.000000
152100 -672.000000
152200 -672.000000
152300 -672.000000
152400 -672.000000
152500 -672.000000
152600 -672.000000
152700 -672.000000
152800 -672.000000
152900 -664.000000
153000 -672.000000
153100 -668.000000
153200 -671.000000
153300 -672.000000
153400 -672.000000
153500 -671.000000
153600 -671.000000
153700 -670.000000
153800 -672.000000
153900 -672.000000
154000 -671.000000
154100 -672.000000
154200 -664.000000
154300 -668.000000
154400 -672.000000
154500 -672.000000
154600 -652.000000
154700 -672.000000
154800 -672.000000
154900 -668.000000
155000 -664.000000
155100 -672.000000
155200 -659.000000
155300 -671.000000
155400 -672.000000
155500 -672.000000
155600 -670.000000
155700 -672.000000
155800 -672.000000
155900 -665.000000
156000 -672.000000
156100 -672.000000
156200 -672.000000
156300 -672.000000
156400 -671.000000
156500 -671.000000
156600 -672.000000
156700 -669.000000
156800 -670.000000
156900 -672.000000
157000 -670.000000
157100 -672.000000
157200 -662.000000
157300 -672.000000
157400 -671.000000
157500 -671.000000
157600 -671.000000
157700 -669.000000
157800 -672.000000
157900 -669.000000
158000 -672.000000
158100 -671.000000
158200 -672.000000
158300 -672.000000
158400 -664.000000
158500 -668.000000
158600 -671.000000
158700 -668.000000
158800 -664.000000
158900 -672.000000
159000 -671.000000
159100 -670.000000
159200 -670.000000
159300 -664.000000
159400 -671.000000
159500 -667.000000
159600 -672.000000
159700 -667.000000
159800 -672.000000
159900 -667.000000
160000 -663.000000
160100 -666.000000
160200 -667.000000
160300 -672.000000
160400 -672.000000
160500 -662.000000
160600 -670.000000
160700 -669.000000
160800 -671.000000
160900 -671.000000
161000 -672.000000
161100 -655.000000
161200 -665.000000
161300 -671.000000
161400 -667.000000
161500 -669.000000
161600 -669.000000
161700 -672.000000
161800 -668.000000
161900 -672.000000
162000 -669.000000
162100 -666.000000
162200 -672.000000
162300 -666.000000
162400 -664.000000
162500 -672.000000
162600 -672.000000
162700 -668.000000
162800 -669.000000
162900 -668.000000
163000 -663.000000
163100 -666.000000
163200 -672.000000
163300 -665.000000
163400 -672.000000
163500 -659.000000
163600 -672.000000
163700 -664.000000
163800 -671.000000
163900 -665.000000
164000 -672.000000
164100 -672.000000
164200 -670.000000
164300 -667.000000
164400 -672.000000
164500 -672.000000
164600 -667.000000
164700 -671.000000
164800 -672.000000
164900 -671.000000
165000 -672.000000
165100 -671.000000
165200 -669.000000
165300 -669.000000
165400 -666.000000
165500 -670.000000
165600 -672.000000
165700 -668.000000
165800 -662.000000
165900 -672.000000
166000 -671.000000
166100 -669.000000
166200 -672.000000
166300 -671.000000
166400 -672.000000
166500 -666.000000
166600 -667.000000
166700 -671.000000
166800 -669.000000
166900 -670.000000
167000 -670.000000
167100 -669.000000
167200 -671.000000
167300 -672.000000
167400 -672.000000
167500 -665.000000
167600 -672.000000
167700 -671.000000
167800 -664.000000
167900 -668.000000
168000 -671.000000
168100 -672.000000
168200 -672.000000
168300 -671.000000
168400 -665.000000
168500 -666.000000
168600 -671.000000
168700 -672.000000
168800 -669.000000
168900 -671.000000
169000 -670.000000
169100 -671.000000
169200 -671.000000
169300 -671.000000
169400 -672.000000
169500 -667.000000
169600 -672.000000
169700 -672.000000
169800 -667.000000
169900 -672.000000
170000 -671.000000
170100 -671.000000
170200 -667.000000
170300 -671.000000
170400 -671.000000
170500 -672.000000
170600 -672.000000
170700 -672.000000
170800 -668.000000
170900 -664.000000
171000 -669.000000
171100 -672.000000
171200 -672.000000
171300 -672.000000
171400 -672.000000
171500 -670.000000
171600 -672.000000
171700 -672.000000
171800 -671.000000
171900 -671.000000
172000 -671.000000
172100 -670.000000
172200 -669.000000
172300 -672.000000
172400 -672.000000
172500 -670.000000
172600 -672.000000
172700 -671.000000
172800 -671.000000
172900 -667.000000
173000 -666.000000
173100 -672.000000
173200 -670.000000
173300 -672.000000
173400 -670.000000
173500 -670.000000
173600 -671.000000
173700 -672.000000
173800 -671.000000
173900 -672.000000
174000 -667.000000
174100 -672.000000
174200 -672.000000
174300 -672.000000
174400 -671.000000
174500 -672.000000
174600 -672.000000
174700 -672.000000
174800 -672.000000
174900 -672.000000
175000 -672.000000
175100 -672.000000
175200 -672.000000
175300 -671.000000
175400 -672.000000
175500 -671.000000
175600 -671.000000
175700 -671.000000
175800 -672.000000
175900 -670.000000
176000 -672.000000
176100 -672.000000
176200 -671.000000
176300 -671.000000
176400 -672.000000
176500 -670.000000
176600 -671.000000
176700 -671.000000
176800 -672.000000
176900 -672.000000
177000 -671.000000
177100 -671.000000
177200 -672.000000
177300 -672.000000
177400 -671.000000
177500 -672.000000
177600 -672.000000
177700 -671.000000
177800 -671.000000
177900 -671.000000
178000 -671.000000
178100 -672.000000
178200 -671.000000
178300 -672.000000
178400 -671.000000
178500 -670.000000
178600 -670.000000
178700 -671.000000
178800 -672.000000
178900 -672.000000
179000 -672.000000
179100 -671.000000
179200 -671.000000
179300 -671.000000
179400 -671.000000
179500 -672.000000
179600 -672.000000
179700 -672.000000
179800 -671.000000
179900 -671.000000
180000 -671.000000
180100 -672.000000
180200 -671.000000
180300 -672.000000
180400 -670.000000
180500 -671.000000
180600 -672.000000
180700 -672.000000
180800 -671.000000
180900 -672.000000
181000 -671.000000
181100 -672.000000
181200 -672.000000
181300 -672.000000
181400 -672.000000
181500 -671.000000
181600 -671.000000
181700 -671.000000
181800 -671.000000
181900 -671.000000
182000 -671.000000
182100 -671.000000
182200 -671.000000
182300 -671.000000
182400 -672.000000
182500 -671.000000
182600 -672.000000
182700 -672.000000
182800 -671.000000
182900 -672.000000
183000 -670.000000
183100 -672.000000
183200 -672.000000
183300 -672.000000
183400 -672.000000
183500 -671.000000
183600 -670.000000
183700 -672.000000
183800 -671.000000
183900 -671.000000
184000 -670.000000
184100 -670.000000
184200 -672.000000
184300 -672.000000
184400 -670.000000
184500 -672.000000
184600 -671.000000
184700 -671.000000
184800 -671.000000
184900 -672.000000
185000 -671.000000
185100 -672.000000
185200 -670.000000
185300 -671.000000
185400 -671.000000
185500 -669.000000
185600 -671.000000
185700 -672.000000
185800 -672.000000
185900 -671.000000
186000 -671.000000
186100 -671.000000
186200 -672.000000
186300 -670.000000
186400 -672.000000
186500 -670.000000
186600 -670.000000
186700 -672.000000
186800 -672.000000
186900 -672.000000
187000 -671.000000
187100 -672.000000
187200 -672.000000
187300 -667.000000
187400 -672.000000
187500 -663.000000
187600 -654.000000
187700 -658.000000
187800 -651.000000
187900 -656.000000
188000 -643.000000
188100 -638.000000
188200 -667.000000
188300 -645.000000
188400 -657.000000
188500 -650.000000
188600 -658.000000
188700 -650.000000
188800 -659.000000
188900 -656.000000
189000 -647.000000
189100 -654.000000
189200 -652.000000
189300 -658.000000
189400 -643.000000
189500 -645.000000
189600 -644.000000
189700 -648.000000
189800 -640.000000
189900 -648.000000
190000 -646.000000
190100 -644.000000
190200 -642.000000
190300 -640.000000
190400 -640.000000
190500 -644.000000
190600 -643.000000
190700 -644.000000
190800 -643.000000
190900 -641.000000
191000 -641.000000
191100 -635.000000
191200 -641.000000
191300 -641.000000
191400 -642.000000
191500 -642.000000
191600 -637.000000
191700 -641.000000
191800 -640.000000
191900 -645.000000
192000 -645.000000
192100 -643.000000
192200 -643.000000
192300 -643.000000
192400 -644.000000
192500 -637.000000
192600 -641.000000
192700 -638.000000
192800 -651.000000
192900 -641.000000
193000 -642.000000
193100 -636.000000
193200 -645.000000
193300 -643.000000
193400 -641.000000
193500 -642.000000
193600 -639.000000
193700 -644.000000
193800 -647.000000
193900 -646.000000
194000 -639.000000
194100 -636.000000
194200 -640.000000
194300 -643.000000
194400 -644.000000
194500 -641.000000
194600 -642.000000
194700 -637.000000
194800 -647.000000
194900 -646.000000
195000 -647.000000
195100 -643.000000
195200 -640.000000
195300 -639.000000
195400 -642.000000
195500 -643.000000
195600 -639.000000
195700 -643.000000
195800 -641.000000
195900 -639.000000
196000 -638.000000
196100 -641.000000
196200 -638.000000
196300 -642.000000
196400 -645.000000
196500 -641.000000
196600 -638.000000
196700 -642.000000
196800 -644.000000
196900 -642.000000
197000 -638.000000
197100 -637.000000
197200 -637.000000
197300 -637.000000
197400 -645.000000
197500 -641.000000
197600 -639.000000
197700 -644.000000
197800 -644.000000
197900 -638.000000
198000 -644.000000
198100 -642.000000
198200 -642.000000
198300 -645.000000
198400 -646.000000
198500 -643.000000
198600 -647.000000
198700 -641.000000
198800 -642.000000
198900 -641.000000
199000 -640.000000
199100 -642.000000
199200 -641.000000
199300 -640.000000
199400 -641.000000
199500 -640.000000
199600 -642.000000
199700 -638.000000
199800 -644.000000
199900 -640.000000
