0 -1024.000000
100 -896.000000
200 -896.000000
300 -896.000000
400 -896.000000
500 -896.000000
600 -896.000000
700 -896.000000
800 -896.000000
900 -896.000000
1000 -896.000000
1100 -896.000000
1200 -896.000000
1300 -896.000000
1400 -896.000000
1500 -876.000000
1600 -878.000000
1700 -832.000000
1800 -832.000000
1900 -832.000000
2000 -832.000000
2100 -832.000000
2200 -832.000000
2300 -832.000000
2400 -832.000000
2500 -832.000000
2600 -832.000000
2700 -832.000000
2800 -832.000000
2900 -832.000000
3000 -832.000000
3100 -811.000000
3200 -832.000000
3300 -832.000000
3400 -832.000000
3500 -832.000000
3600 -832.000000
3700 -832.000000
3800 -829.000000
3900 -832.000000
4000 -832.000000
4100 -832.000000
4200 -832.000000
4300 -832.000000
4400 -832.000000
4500 -832.000000
4600 -832.000000
4700 -832.000000
4800 -832.000000
4900 -832.000000
5000 -832.000000
5100 -832.000000
5200 -832.000000
5300 -823.000000
5400 -832.000000
5500 -832.000000
5600 -830.000000
5700 -832.000000
5800 -832.000000
5900 -831.000000
6000 -822.000000
6100 -824.000000
6200 -822.000000
6300 -817.000000
6400 -831.000000
6500 -831.000000
6600 -830.000000
6700 -822.000000
6800 -825.000000
6900 -814.000000
7000 -809.000000
7100 -817.000000
7200 -798.000000
7300 -784.000000
7400 -783.000000
7500 -777.000000
7600 -775.000000
7700 -789.000000
7800 -769.000000
7900 -779.000000
8000 -771.000000
8100 -785.000000
8200 -777.000000
8300 -775.000000
8400 -779.000000
8500 -773.000000
8600 -768.000000
8700 -774.000000
8800 -765.000000
8900 -780.000000
9000 -769.000000
9100 -776.000000
9200 -780.000000
9300 -779.000000
9400 -776.000000
9500 -782.000000
9600 -763.000000
9700 -779.000000
9800 -776.000000
9900 -774.000000
10000 -771.000000
10100 -768.000000
10200 -776.000000
10300 -779.000000
10400 -777.000000
10500 -773.000000
10600 -772.000000
10700 -772.000000
10800 -778.000000
10900 -766.000000
11000 -779.000000
11100 -780.000000
11200 -774.000000
11300 -780.000000
11400 -769.000000
11500 -773.000000
11600 -766.000000
11700 -779.000000
11800 -774.000000
11900 -768.000000
12000 -773.000000
12100 -768.000000
12200 -775.000000
12300 -779.000000
12400 -770.000000
12500 -765.000000
12600 -783.000000
12700 -768.000000
12800 -769.000000
12900 -775.000000
13000 -776.000000
13100 -771.000000
13200 -783.000000
13300 -774.000000
13400 -779.000000
13500 -770.000000
13600 -765.000000
13700 -769.000000
13800 -769.000000
13900 -770.000000
14000 -766.000000
14100 -769.000000
14200 -776.000000
14300 -776.000000
14400 -768.000000
14500 -767.000000
14600 -777.000000
14700 -772.000000
14800 -773.000000
14900 -763.000000
15000 -768.000000
15100 -767.000000
15200 -763.000000
15300 -763.000000
15400 -760.000000
15500 -765.000000
15600 -772.000000
15700 -768.000000
15800 -759.000000
15900 -765.000000
16000 -768.000000
16100 -750.000000
16200 -768.000000
16300 -766.000000
16400 -768.000000
16500 -766.000000
16600 -766.000000
16700 -768.000000
16800 -767.000000
16900 -768.000000
17000 -764.000000
17100 -768.000000
17200 -763.000000
17300 -766.000000
17400 -764.000000
17500 -763.000000
17600 -766.000000
17700 -767.000000
17800 -764.000000
17900 -771.000000
18000 -768.000000
18100 -762.000000
18200 -768.000000
18300 -766.000000
18400 -768.000000
18500 -767.000000
18600 -758.000000
18700 -768.000000
18800 -762.000000
18900 -765.000000
19000 -765.000000
19100 -768.000000
19200 -764.000000
19300 -763.000000
19400 -767.000000
19500 -767.000000
19600 -766.000000
19700 -768.000000
19800 -768.000000
19900 -767.000000
20000 -768.000000
20100 -768.000000
20200 -766.000000
20300 -767.000000
20400 -767.000000
20500 -765.000000
20600 -768.000000
20700 -766.000000
20800 -767.000000
20900 -767.000000
21000 -768.000000
21100 -767.000000
21200 -766.000000
21300 -766.000000
21400 -766.000000
21500 -767.000000
21600 -767.000000
21700 -766.000000
21800 -766.000000
21900 -767.000000
22000 -763.000000
22100 -766.000000
22200 -766.000000
22300 -768.000000
22400 -768.000000
22500 -767.000000
22600 -766.000000
22700 -763.000000
22800 -766.000000
22900 -767.000000
23000 -767.000000
23100 -765.000000
23200 -765.000000
23300 -765.000000
23400 -765.000000
23500 -763.000000
23600 -763.000000
23700 -755.000000
23800 -766.000000
23900 -765.000000
24000 -767.000000
24100 -765.000000
24200 -766.000000
24300 -767.000000
24400 -767.000000
24500 -767.000000
24600 -765.000000
24700 -764.000000
24800 -766.000000
24900 -765.000000
25000 -767.000000
25100 -767.000000
25200 -764.000000
25300 -766.000000
25400 -765.000000
25500 -764.000000
25600 -766.000000
25700 -766.000000
25800 -768.000000
25900 -766.000000
26000 -768.000000
26100 -765.000000
26200 -766.000000
26300 -766.000000
26400 -767.000000
26500 -766.000000
26600 -766.000000
26700 -764.000000
26800 -764.000000
26900 -767.000000
27000 -766.000000
27100 -763.000000
27200 -766.000000
27300 -765.000000
27400 -767.000000
27500 -765.000000
27600 -765.000000
27700 -765.000000
27800 -767.000000
27900 -764.000000
28000 -767.000000
28100 -766.000000
28200 -767.000000
28300 -767.000000
28400 -767.000000
28500 -767.000000
28600 -763.000000
28700 -764.000000
28800 -767.000000
28900 -764.000000
29000 -767.000000
29100 -766.000000
29200 -767.000000
29300 -765.000000
29400 -766.000000
29500 -767.000000
29600 -766.000000
29700 -764.000000
29800 -766.000000
29900 -766.000000
30000 -767.000000
30100 -764.000000
30200 -766.000000
30300 -767.000000
30400 -766.000000
30500 -766.000000
30600 -766.000000
30700 -765.000000
30800 -766.000000
30900 -764.000000
31000 -765.000000
31100 -763.000000
31200 -766.000000
31300 -766.000000
31400 -766.000000
31500 -767.000000
31600 -765.000000
31700 -766.000000
31800 -766.000000
31900 -767.000000
32000 -767.000000
32100 -758.000000
32200 -758.000000
32300 -765.000000
32400 -753.000000
32500 -767.000000
32600 -766.000000
32700 -767.000000
32800 -766.000000
32900 -765.000000
33000 -766.000000
33100 -766.000000
33200 -763.000000
33300 -767.000000
33400 -766.000000
33500 -766.000000
33600 -766.000000
33700 -765.000000
33800 -768.000000
33900 -766.000000
34000 -766.000000
34100 -762.000000
34200 -766.000000
34300 -766.000000
34400 -764.000000
34500 -766.000000
34600 -765.000000
34700 -766.000000
34800 -766.000000
34900 -766.000000
35000 -764.000000
35100 -766.000000
35200 -767.000000
35300 -766.000000
35400 -766.000000
35500 -767.000000
35600 -766.000000
35700 -767.000000
35800 -766.000000
35900 -766.000000
36000 -767.000000
36100 -767.000000
36200 -767.000000
36300 -767.000000
36400 -767.000000
36500 -761.000000
36600 -768.000000
36700 -767.000000
36800 -762.000000
36900 -766.000000
37000 -767.000000
37100 -767.000000
37200 -767.000000
37300 -766.000000
37400 -767.000000
37500 -766.000000
37600 -766.000000
37700 -767.000000
37800 -766.000000
37900 -767.000000
38000 -765.000000
38100 -767.000000
38200 -765.000000
38300 -760.000000
38400 -767.000000
38500 -766.000000
38600 -766.000000
38700 -766.000000
38800 -767.000000
38900 -765.000000
39000 -767.000000
39100 -767.000000
39200 -766.000000
39300 -766.000000
39400 -766.000000
39500 -764.000000
39600 -767.000000
39700 -766.000000
39800 -766.000000
39900 -768.000000
40000 -767.000000
40100 -765.000000
40200 -766.000000
40300 -766.000000
40400 -766.000000
40500 -766.000000
40600 -766.000000
40700 -766.000000
40800 -767.000000
40900 -767.000000
41000 -766.000000
41100 -767.000000
41200 -766.000000
41300 -766.000000
41400 -767.000000
41500 -766.000000
41600 -767.000000
41700 -766.000000
41800 -764.000000
41900 -766.000000
42000 -766.000000
42100 -765.000000
42200 -765.000000
42300 -766.000000
42400 -765.000000
42500 -767.000000
42600 -766.000000
42700 -767.000000
42800 -766.000000
42900 -767.000000
43000 -766.000000
43100 -761.000000
43200 -765.000000
43300 -766.000000
43400 -767.000000
43500 -761.000000
43600 -766.000000
43700 -766.000000
43800 -766.000000
43900 -766.000000
44000 -766.000000
44100 -767.000000
44200 -767.000000
44300 -766.000000
44400 -767.000000
44500 -766.000000
44600 -767.000000
44700 -766.000000
44800 -766.000000
44900 -767.000000
45000 -766.000000
45100 -766.000000
45200 -766.000000
45300 -764.000000
45400 -762.000000
45500 -766.000000
45600 -766.000000
45700 -766.000000
45800 -766.000000
45900 -762.000000
46000 -766.000000
46100 -765.000000
46200 -767.000000
46300 -766.000000
46400 -766.000000
46500 -766.000000
46600 -767.000000
46700 -764.000000
46800 -767.000000
46900 -766.000000
47000 -765.000000
47100 -767.000000
47200 -767.000000
47300 -765.000000
47400 -765.000000
47500 -766.000000
47600 -767.000000
47700 -765.000000
47800 -766.000000
47900 -766.000000
48000 -766.000000
48100 -767.000000
48200 -766.000000
48300 -766.000000
48400 -765.000000
48500 -767.000000
48600 -766.000000
48700 -761.000000
48800 -766.000000
48900 -766.000000
49000 -766.000000
49100 -765.000000
49200 -767.000000
49300 -766.000000
49400 -766.000000
49500 -766.000000
49600 -765.000000
49700 -766.000000
49800 -767.000000
49900 -766.000000
50000 -766.000000
50100 -765.000000
50200 -764.000000
50300 -758.000000
50400 -765.000000
50500 -765.000000
50600 -766.000000
50700 -767.000000
50800 -764.000000
50900 -765.000000
51000 -767.000000
51100 -759.000000
51200 -766.000000
51300 -763.000000
51400 -766.000000
51500 -765.000000
51600 -767.000000
51700 -766.000000
51800 -760.000000
51900 -764.000000
52000 -765.000000
52100 -766.000000
52200 -766.000000
52300 -760.000000
52400 -762.000000
52500 -766.000000
52600 -765.000000
52700 -766.000000
52800 -752.000000
52900 -766.000000
53000 -763.000000
53100 -764.000000
53200 -755.000000
53300 -755.000000
53400 -767.000000
53500 -753.000000
53600 -763.000000
53700 -764.000000
53800 -767.000000
53900 -766.000000
54000 -767.000000
54100 -766.000000
54200 -763.000000
54300 -766.000000
54400 -765.000000
54500 -765.000000
54600 -764.000000
54700 -763.000000
54800 -766.000000
54900 -766.000000
55000 -767.000000
55100 -767.000000
55200 -764.000000
55300 -765.000000
55400 -767.000000
55500 -764.000000
55600 -763.000000
55700 -763.000000
55800 -764.000000
55900 -764.000000
56000 -764.000000
56100 -765.000000
56200 -767.000000
56300 -767.000000
56400 -766.000000
56500 -765.000000
56600 -766.000000
56700 -767.000000
56800 -767.000000
56900 -766.000000
57000 -766.000000
57100 -766.000000
57200 -763.000000
57300 -766.000000
57400 -767.000000
57500 -753.000000
57600 -762.000000
57700 -767.000000
57800 -762.000000
57900 -766.000000
58000 -766.000000
58100 -760.000000
58200 -764.000000
58300 -764.000000
58400 -761.000000
58500 -766.000000
58600 -765.000000
58700 -766.000000
58800 -756.000000
58900 -757.000000
59000 -759.000000
59100 -743.000000
59200 -744.000000
59300 -742.000000
59400 -743.000000
59500 -744.000000
59600 -744.000000
59700 -745.000000
59800 -744.000000
59900 -744.000000
60000 -744.000000
60100 -739.000000
60200 -743.000000
60300 -747.000000
60400 -744.000000
60500 -745.000000
60600 -744.000000
60700 -744.000000
60800 -744.000000
60900 -744.000000
61000 -744.000000
61100 -743.000000
61200 -744.000000
61300 -744.000000
61400 -744.000000
61500 -744.000000
61600 -744.000000
61700 -744.000000
61800 -744.000000
61900 -744.000000
62000 -743.000000
62100 -744.000000
62200 -744.000000
62300 -744.000000
62400 -744.000000
62500 -744.000000
62600 -744.000000
62700 -744.000000
62800 -744.000000
62900 -744.000000
63000 -744.000000
63100 -744.000000
63200 -744.000000
63300 -744.000000
63400 -744.000000
63500 -744.000000
63600 -744.000000
63700 -743.000000
63800 -747.000000
63900 -747.000000
64000 -743.000000
64100 -744.000000
64200 -744.000000
64300 -744.000000
64400 -744.000000
64500 -743.000000
64600 -744.000000
64700 -744.000000
64800 -744.000000
64900 -744.000000
65000 -744.000000
65100 -732.000000
65200 -728.000000
65300 -724.000000
65400 -729.000000
65500 -721.000000
65600 -719.000000
65700 -715.000000
65800 -722.000000
65900 -719.000000
66000 -724.000000
66100 -725.000000
66200 -728.000000
66300 -721.000000
66400 -717.000000
66500 -719.000000
66600 -720.000000
66700 -708.000000
66800 -720.000000
66900 -712.000000
67000 -720.000000
67100 -720.000000
67200 -720.000000
67300 -717.000000
67400 -720.000000
67500 -720.000000
67600 -720.000000
67700 -719.000000
67800 -720.000000
67900 -720.000000
68000 -713.000000
68100 -720.000000
68200 -719.000000
68300 -718.000000
68400 -718.000000
68500 -719.000000
68600 -720.000000
68700 -720.000000
68800 -720.000000
68900 -720.000000
69000 -719.000000
69100 -721.000000
69200 -720.000000
69300 -720.000000
69400 -720.000000
69500 -720.000000
69600 -719.000000
69700 -720.000000
69800 -719.000000
69900 -720.000000
70000 -719.000000
70100 -720.000000
70200 -720.000000
70300 -720.000000
70400 -720.000000
70500 -720.000000
70600 -720.000000
70700 -720.000000
70800 -719.000000
70900 -719.000000
71000 -720.000000
71100 -720.000000
71200 -720.000000
71300 -720.000000
71400 -720.000000
71500 -719.000000
71600 -718.000000
71700 -720.000000
71800 -720.000000
71900 -720.000000
72000 -720.000000
72100 -720.000000
72200 -720.000000
72300 -720.000000
72400 -719.000000
72500 -720.000000
72600 -720.000000
72700 -719.000000
72800 -719.000000
72900 -719.000000
73000 -720.000000
73100 -720.000000
73200 -719.000000
73300 -720.000000
73400 -719.000000
73500 -720.000000
73600 -720.000000
73700 -718.000000
73800 -720.000000
73900 -719.000000
74000 -720.000000
74100 -720.000000
74200 -719.000000
74300 -720.000000
74400 -720.000000
74500 -711.000000
74600 -719.000000
74700 -719.000000
74800 -718.000000
74900 -720.000000
75000 -720.000000
75100 -720.000000
75200 -720.000000
75300 -719.000000
75400 -716.000000
75500 -720.000000
75600 -719.000000
75700 -719.000000
75800 -718.000000
75900 -719.000000
76000 -714.000000
76100 -719.000000
76200 -719.000000
76300 -720.000000
76400 -717.000000
76500 -719.000000
76600 -717.000000
76700 -708.000000
76800 -710.000000
76900 -705.000000
77000 -694.000000
77100 -711.000000
77200 -702.000000
77300 -703.000000
77400 -713.000000
77500 -694.000000
77600 -695.000000
77700 -701.000000
77800 -688.000000
77900 -706.000000
78000 -697.000000
78100 -703.000000
78200 -704.000000
78300 -702.000000
78400 -705.000000
78500 -703.000000
78600 -704.000000
78700 -703.000000
78800 -704.000000
78900 -703.000000
79000 -704.000000
79100 -704.000000
79200 -704.000000
79300 -703.000000
79400 -704.000000
79500 -704.000000
79600 -702.000000
79700 -702.000000
79800 -703.000000
79900 -703.000000
80000 -704.000000
80100 -703.000000
80200 -704.000000
80300 -704.000000
80400 -701.000000
80500 -704.000000
80600 -704.000000
80700 -704.000000
80800 -702.000000
80900 -704.000000
81000 -703.000000
81100 -704.000000
81200 -704.000000
81300 -704.000000
81400 -704.000000
81500 -704.000000
81600 -704.000000
81700 -704.000000
81800 -704.000000
81900 -704.000000
82000 -704.000000
82100 -704.000000
82200 -703.000000
82300 -704.000000
82400 -704.000000
82500 -704.000000
82600 -703.000000
82700 -704.000000
82800 -704.000000
82900 -664.000000
83000 -667.000000
83100 -651.000000
83200 -654.000000
83300 -642.000000
83400 -668.000000
83500 -664.000000
83600 -648.000000
83700 -662.000000
83800 -660.000000
83900 -665.000000
84000 -662.000000
84100 -666.000000
84200 -672.000000
84300 -669.000000
84400 -659.000000
84500 -653.000000
84600 -659.000000
84700 -661.000000
84800 -648.000000
84900 -648.000000
85000 -649.000000
85100 -648.000000
85200 -643.000000
85300 -648.000000
85400 -644.000000
85500 -652.000000
85600 -637.000000
85700 -653.000000
85800 -641.000000
85900 -645.000000
86000 -650.000000
86100 -647.000000
86200 -641.000000
86300 -648.000000
86400 -647.000000
86500 -640.000000
86600 -644.000000
86700 -647.000000
86800 -647.000000
86900 -645.000000
87000 -643.000000
87100 -651.000000
87200 -644.000000
87300 -652.000000
87400 -655.000000
87500 -643.000000
87600 -640.000000
87700 -658.000000
87800 -637.000000
87900 -648.000000
88000 -656.000000
88100 -660.000000
88200 -647.000000
88300 -658.000000
88400 -640.000000
88500 -647.000000
88600 -644.000000
88700 -645.000000
88800 -647.000000
88900 -648.000000
89000 -652.000000
89100 -646.000000
89200 -643.000000
89300 -652.000000
89400 -649.000000
89500 -655.000000
89600 -648.000000
89700 -638.000000
89800 -663.000000
89900 -659.000000
90000 -655.000000
90100 -652.000000
90200 -651.000000
90300 -646.000000
90400 -637.000000
90500 -642.000000
90600 -650.000000
90700 -659.000000
90800 -650.000000
90900 -649.000000
91000 -640.000000
91100 -646.000000
91200 -650.000000
91300 -650.000000
91400 -648.000000
91500 -653.000000
91600 -655.000000
91700 -645.000000
91800 -639.000000
91900 -657.000000
92000 -652.000000
92100 -648.000000
92200 -644.000000
92300 -655.000000
92400 -645.000000
92500 -643.000000
92600 -655.000000
92700 -641.000000
92800 -652.000000
92900 -641.000000
93000 -642.000000
93100 -647.000000
93200 -659.000000
93300 -654.000000
93400 -650.000000
93500 -644.000000
93600 -645.000000
93700 -652.000000
93800 -644.000000
93900 -656.000000
94000 -644.000000
94100 -651.000000
94200 -649.000000
94300 -670.000000
94400 -642.000000
94500 -655.000000
94600 -632.000000
94700 -644.000000
94800 -647.000000
94900 -646.000000
95000 -656.000000
95100 -654.000000
95200 -648.000000
95300 -660.000000
95400 -643.000000
95500 -642.000000
95600 -645.000000
95700 -648.000000
95800 -645.000000
95900 -652.000000
96000 -639.000000
96100 -650.000000
96200 -639.000000
96300 -648.000000
96400 -649.000000
96500 -638.000000
96600 -648.000000
96700 -640.000000
96800 -648.000000
96900 -647.000000
97000 -655.000000
97100 -649.000000
97200 -628.000000
97300 -639.000000
97400 -654.000000
97500 -634.000000
97600 -639.000000
97700 -663.000000
97800 -663.000000
97900 -653.000000
98000 -649.000000
98100 -637.000000
98200 -648.000000
98300 -641.000000
98400 -628.000000
98500 -645.000000
98600 -653.000000
98700 -639.000000
98800 -637.000000
98900 -635.000000
99000 -638.000000
99100 -632.000000
99200 -642.000000
99300 -640.000000
99400 -640.000000
99500 -630.000000
99600 -641.000000
99700 -636.000000
99800 -640.000000
99900 -639.000000
100000 -626.000000
100100 -639.000000
100200 -643.000000
100300 -630.000000
100400 -636.000000
100500 -641.000000
100600 -640.000000
100700 -640.000000
100800 -642.000000
100900 -634.000000
101000 -639.000000
101100 -636.000000
101200 -636.000000
101300 -641.000000
101400 -645.000000
101500 -639.000000
101600 -646.000000
101700 -645.000000
101800 -636.000000
101900 -633.000000
102000 -633.000000
102100 -639.000000
102200 -623.000000
102300 -639.000000
102400 -637.000000
102500 -634.000000
102600 -643.000000
102700 -637.000000
102800 -637.000000
102900 -643.000000
103000 -636.000000
103100 -630.000000
103200 -632.000000
103300 -638.000000
103400 -638.000000
103500 -637.000000
103600 -640.000000
103700 -643.000000
103800 -641.000000
103900 -633.000000
104000 -634.000000
104100 -638.000000
104200 -639.000000
104300 -642.000000
104400 -635.000000
104500 -641.000000
104600 -634.000000
104700 -635.000000
104800 -627.000000
104900 -634.000000
105000 -632.000000
105100 -637.000000
105200 -643.000000
105300 -635.000000
105400 -639.000000
105500 -636.000000
105600 -636.000000
105700 -639.000000
105800 -629.000000
105900 -640.000000
106000 -638.000000
106100 -636.000000
106200 -640.000000
106300 -642.000000
106400 -635.000000
106500 -632.000000
106600 -635.000000
106700 -637.000000
106800 -636.000000
106900 -633.000000
107000 -635.000000
107100 -641.000000
107200 -637.000000
107300 -631.000000
107400 -639.000000
107500 -633.000000
107600 -635.000000
107700 -625.000000
107800 -636.000000
107900 -633.000000
108000 -633.000000
108100 -629.000000
108200 -635.000000
108300 -625.000000
108400 -633.000000
108500 -624.000000
108600 -632.000000
108700 -634.000000
108800 -626.000000
108900 -634.000000
109000 -626.000000
109100 -627.000000
109200 -638.000000
109300 -628.000000
109400 -627.000000
109500 -633.000000
109600 -634.000000
109700 -631.000000
109800 -628.000000
109900 -633.000000
110000 -630.000000
110100 -626.000000
110200 -629.000000
110300 -622.000000
110400 -634.000000
110500 -626.000000
110600 -633.000000
110700 -630.000000
110800 -627.000000
110900 -627.000000
111000 -634.000000
111100 -633.000000
111200 -636.000000
111300 -630.000000
111400 -637.000000
111500 -633.000000
111600 -627.000000
111700 -636.000000
111800 -635.000000
111900 -632.000000
112000 -637.000000
112100 -630.000000
112200 -629.000000
112300 -632.000000
112400 -629.000000
112500 -627.000000
112600 -628.000000
112700 -625.000000
112800 -636.000000
112900 -633.000000
113000 -627.000000
113100 -633.000000
113200 -633.000000
113300 -633.000000
113400 -628.000000
113500 -635.000000
113600 -633.000000
113700 -628.000000
113800 -628.000000
113900 -637.000000
114000 -624.000000
114100 -631.000000
114200 -628.000000
114300 -634.000000
114400 -636.000000
114500 -633.000000
114600 -633.000000
114700 -635.000000
114800 -625.000000
114900 -633.000000
115000 -636.000000
115100 -632.000000
115200 -633.000000
115300 -634.000000
115400 -634.000000
115500 -637.000000
115600 -636.000000
115700 -630.000000
115800 -633.000000
115900 -629.000000
116000 -632.000000
116100 -632.000000
116200 -627.000000
116300 -631.000000
116400 -628.000000
116500 -618.000000
116600 -635.000000
116700 -625.000000
116800 -631.000000
116900 -630.000000
117000 -638.000000
117100 -629.000000
117200 -639.000000
117300 -631.000000
117400 -637.000000
117500 -627.000000
117600 -629.000000
117700 -639.000000
117800 -639.000000
117900 -634.000000
118000 -634.000000
118100 -634.000000
118200 -633.000000
118300 -635.000000
118400 -629.000000
118500 -633.000000
118600 -634.000000
118700 -638.000000
118800 -639.000000
118900 -638.000000
119000 -639.000000
119100 -626.000000
119200 -638.000000
119300 -637.000000
119400 -633.000000
119500 -637.000000
119600 -625.000000
119700 -630.000000
119800 -638.000000
119900 -625.000000
120000 -634.000000
120100 -634.000000
120200 -633.000000
120300 -636.000000
120400 -634.000000
120500 -638.000000
120600 -638.000000
120700 -639.000000
120800 -639.000000
120900 -634.000000
121000 -638.000000
121100 -638.000000
121200 -634.000000
121300 -635.000000
121400 -632.000000
121500 -637.000000
121600 -636.000000
121700 -635.000000
121800 -636.000000
121900 -635.000000
122000 -635.000000
122100 -636.000000
122200 -638.000000
122300 -638.000000
122400 -630.000000
122500 -638.000000
122600 -639.000000
122700 -638.000000
122800 -637.000000
122900 -630.000000
123000 -634.000000
123100 -634.000000
123200 -636.000000
123300 -636.000000
123400 -639.000000
123500 -625.000000
123600 -624.000000
123700 -626.000000
123800 -621.000000
123900 -624.000000
124000 -625.000000
124100 -626.000000
124200 -621.000000
124300 -621.000000
124400 -622.000000
124500 -623.000000
124600 -628.000000
124700 -615.000000
124800 -630.000000
124900 -628.000000
125000 -625.000000
125100 -624.000000
125200 -631.000000
125300 -631.000000
125400 -628.000000
125500 -633.000000
125600 -622.000000
125700 -620.000000
125800 -630.000000
125900 -620.000000
126000 -636.000000
126100 -634.000000
126200 -631.000000
126300 -628.000000
126400 -634.000000
126500 -634.000000
126600 -638.000000
126700 -634.000000
126800 -635.000000
126900 -633.000000
127000 -638.000000
127100 -638.000000
127200 -639.000000
127300 -634.000000
127400 -627.000000
127500 -635.000000
127600 -628.000000
127700 -638.000000
127800 -627.000000
127900 -636.000000
128000 -632.000000
128100 -626.000000
128200 -630.000000
128300 -633.000000
128400 -634.000000
128500 -635.000000
128600 -635.000000
128700 -633.000000
128800 -627.000000
128900 -633.000000
129000 -634.000000
129100 -635.000000
129200 -634.000000
129300 -636.000000
129400 -632.000000
129500 -637.000000
129600 -637.000000
129700 -637.000000
129800 -633.000000
129900 -636.000000
130000 -632.000000
130100 -635.000000
130200 -630.000000
130300 -637.000000
130400 -635.000000
130500 -634.000000
130600 -638.000000
130700 -636.000000
130800 -637.000000
130900 -637.000000
131000 -636.000000
131100 -634.000000
131200 -634.000000
131300 -636.000000
131400 -629.000000
131500 -632.000000
131600 -635.000000
131700 -634.000000
131800 -638.000000
131900 -635.000000
132000 -625.000000
132100 -629.000000
132200 -634.000000
132300 -632.000000
132400 -635.000000
132500 -633.000000
132600 -637.000000
132700 -637.000000
132800 -632.000000
132900 -630.000000
133000 -633.000000
133100 -632.000000
133200 -627.000000
133300 -637.000000
133400 -624.000000
133500 -633.000000
133600 -636.000000
133700 -634.000000
133800 -636.000000
133900 -627.000000
134000 -634.000000
134100 -636.000000
134200 -634.000000
134300 -630.000000
134400 -634.000000
134500 -628.000000
134600 -637.000000
134700 -635.000000
134800 -624.000000
134900 -626.000000
135000 -635.000000
135100 -633.000000
135200 -638.000000
135300 -638.000000
135400 -637.000000
135500 -637.000000
135600 -632.000000
135700 -632.000000
135800 -629.000000
135900 -633.000000
136000 -636.000000
136100 -635.000000
136200 -630.000000
136300 -629.000000
136400 -628.000000
136500 -638.000000
136600 -631.000000
136700 -639.000000
136800 -637.000000
136900 -635.000000
137000 -628.000000
137100 -634.000000
137200 -633.000000
137300 -638.000000
137400 -632.000000
137500 -636.000000
137600 -631.000000
137700 -626.000000
137800 -633.000000
137900 -633.000000
138000 -638.000000
138100 -626.000000
138200 -633.000000
138300 -635.000000
138400 -634.000000
138500 -632.000000
138600 -630.000000
138700 -637.000000
138800 -638.000000
138900 -627.000000
139000 -626.000000
139100 -639.000000
139200 -627.000000
139300 -637.000000
139400 -625.000000
139500 -636.000000
139600 -636.000000
139700 -635.000000
139800 -636.000000
139900 -636.000000
140000 -634.000000
140100 -632.000000
140200 -632.000000
140300 -627.000000
140400 -629.000000
140500 -623.000000
140600 -627.000000
140700 -628.000000
140800 -626.000000
140900 -622.000000
141000 -620.000000
141100 -621.000000
141200 -619.000000
141300 -631.000000
141400 -630.000000
141500 -597.000000
141600 -589.000000
141700 -592.000000
141800 -585.000000
141900 -579.000000
142000 -581.000000
142100 -579.000000
142200 -578.000000
142300 -579.000000
142400 -579.000000
142500 -576.000000
142600 -579.000000
142700 -578.000000
142800 -578.000000
142900 -581.000000
143000 -579.000000
143100 -580.000000
143200 -578.000000
143300 -578.000000
143400 -579.000000
143500 -578.000000
143600 -577.000000
143700 -579.000000
143800 -577.000000
143900 -580.000000
144000 -579.000000
144100 -579.000000
144200 -578.000000
144300 -578.000000
144400 -581.000000
144500 -580.000000
144600 -578.000000
144700 -578.000000
144800 -578.000000
144900 -577.000000
145000 -580.000000
145100 -578.000000
145200 -579.000000
145300 -580.000000
145400 -580.000000
145500 -580.000000
145600 -581.000000
145700 -580.000000
145800 -582.000000
145900 -581.000000
146000 -580.000000
146100 -582.000000
146200 -580.000000
146300 -580.000000
146400 -581.000000
146500 -578.000000
146600 -578.000000
146700 -579.000000
146800 -578.000000
146900 -581.000000
147000 -581.000000
147100 -582.000000
147200 -577.000000
147300 -577.000000
147400 -580.000000
147500 -577.000000
147600 -580.000000
147700 -580.000000
147800 -578.000000
147900 -581.000000
148000 -579.000000
148100 -579.000000
148200 -579.000000
148300 -576.000000
148400 -580.000000
148500 -578.000000
148600 -579.000000
148700 -580.000000
148800 -579.000000
148900 -577.000000
149000 -578.000000
149100 -579.000000
149200 -582.000000
149300 -578.000000
149400 -581.000000
149500 -581.000000
149600 -580.000000
149700 -580.000000
149800 -578.000000
149900 -577.000000
150000 -577.000000
150100 -576.000000
150200 -581.000000
150300 -582.000000
150400 -579.000000
150500 -578.000000
150600 -578.000000
150700 -578.000000
150800 -578.000000
150900 -578.000000
151000 -578.000000
151100 -578.000000
151200 -577.000000
151300 -577.000000
151400 -577.000000
151500 -576.000000
151600 -577.000000
151700 -577.000000
151800 -578.000000
151900 -577.000000
152000 -577.000000
152100 -578.000000
152200 -576.000000
152300 -577.000000
152400 -577.000000
152500 -578.000000
152600 -576.000000
152700 -578.000000
152800 -577.000000
152900 -578.000000
153000 -578.000000
153100 -578.000000
153200 -577.000000
153300 -576.000000
153400 -576.000000
153500 -578.000000
153600 -576.000000
153700 -576.000000
153800 -578.000000
153900 -577.000000
154000 -576.000000
154100 -577.000000
154200 -572.000000
154300 -571.000000
154400 -575.000000
154500 -577.000000
154600 -577.000000
154700 -577.000000
154800 -578.000000
154900 -570.000000
155000 -577.000000
155100 -579.000000
155200 -578.000000
155300 -576.000000
155400 -571.000000
155500 -572.000000
155600 -571.000000
155700 -576.000000
155800 -580.000000
155900 -575.000000
156000 -564.000000
156100 -572.000000
156200 -578.000000
156300 -566.000000
156400 -573.000000
156500 -569.000000
156600 -573.000000
156700 -575.000000
156800 -569.000000
156900 -569.000000
157000 -572.000000
157100 -578.000000
157200 -568.000000
157300 -578.000000
157400 -573.000000
157500 -574.000000
157600 -577.000000
157700 -577.000000
157800 -576.000000
157900 -571.000000
158000 -574.000000
158100 -578.000000
158200 -577.000000
158300 -571.000000
158400 -570.000000
158500 -571.000000
158600 -571.000000
158700 -579.000000
158800 -569.000000
158900 -579.000000
159000 -569.000000
159100 -577.000000
159200 -568.000000
159300 -572.000000
159400 -574.000000
159500 -580.000000
159600 -577.000000
159700 -579.000000
159800 -573.000000
159900 -574.000000
160000 -567.000000
160100 -569.000000
160200 -575.000000
160300 -569.000000
160400 -576.000000
160500 -580.000000
160600 -577.000000
160700 -566.000000
160800 -573.000000
160900 -571.000000
161000 -577.000000
161100 -570.000000
161200 -565.000000
161300 -572.000000
161400 -569.000000
161500 -571.000000
161600 -573.000000
161700 -576.000000
161800 -577.000000
161900 -568.000000
162000 -570.000000
162100 -575.000000
162200 -565.000000
162300 -575.000000
162400 -576.000000
162500 -576.000000
162600 -573.000000
162700 -578.000000
162800 -572.000000
162900 -578.000000
163000 -565.000000
163100 -564.000000
163200 -564.000000
163300 -575.000000
163400 -571.000000
163500 -579.000000
163600 -574.000000
163700 -570.000000
163800 -568.000000
163900 -570.000000
164000 -562.000000
164100 -576.000000
164200 -569.000000
164300 -569.000000
164400 -576.000000
164500 -572.000000
164600 -575.000000
164700 -578.000000
164800 -571.000000
164900 -577.000000
165000 -577.000000
165100 -575.000000
165200 -569.000000
165300 -574.000000
165400 -561.000000
165500 -576.000000
165600 -570.000000
165700 -571.000000
165800 -578.000000
165900 -568.000000
166000 -572.000000
166100 -576.000000
166200 -578.000000
166300 -578.000000
166400 -575.000000
166500 -570.000000
166600 -573.000000
166700 -575.000000
166800 -575.000000
166900 -576.000000
167000 -577.000000
167100 -578.000000
167200 -574.000000
167300 -577.000000
167400 -569.000000
167500 -569.000000
167600 -571.000000
167700 -573.000000
167800 -573.000000
167900 -572.000000
168000 -579.000000
168100 -575.000000
168200 -576.000000
168300 -572.000000
168400 -580.000000
168500 -567.000000
168600 -578.000000
168700 -576.000000
168800 -572.000000
168900 -573.000000
169000 -568.000000
169100 -568.000000
169200 -572.000000
169300 -574.000000
169400 -570.000000
169500 -570.000000
169600 -573.000000
169700 -577.000000
169800 -570.000000
169900 -573.000000
170000 -577.000000
170100 -566.000000
170200 -576.000000
170300 -568.000000
170400 -571.000000
170500 -574.000000
170600 -575.000000
170700 -572.000000
170800 -571.000000
170900 -576.000000
171000 -567.000000
171100 -576.000000
171200 -573.000000
171300 -577.000000
171400 -567.000000
171500 -563.000000
171600 -570.000000
171700 -569.000000
171800 -569.000000
171900 -556.000000
172000 -573.000000
172100 -574.000000
172200 -574.000000
172300 -568.000000
172400 -574.000000
172500 -575.000000
172600 -574.000000
172700 -572.000000
172800 -575.000000
172900 -567.000000
173000 -567.000000
173100 -575.000000
173200 -565.000000
173300 -571.000000
173400 -566.000000
173500 -562.000000
173600 -575.000000
173700 -566.000000
173800 -576.000000
173900 -565.000000
174000 -569.000000
174100 -573.000000
174200 -577.000000
174300 -572.000000
174400 -571.000000
174500 -570.000000
174600 -564.000000
174700 -568.000000
174800 -566.000000
174900 -568.000000
175000 -565.000000
175100 -572.000000
175200 -572.000000
175300 -563.000000
175400 -567.000000
175500 -567.000000
175600 -570.000000
175700 -568.000000
175800 -573.000000
175900 -572.000000
176000 -574.000000
176100 -574.000000
176200 -576.000000
176300 -574.000000
176400 -578.000000
176500 -566.000000
176600 -566.000000
176700 -566.000000
176800 -574.000000
176900 -571.000000
177000 -572.000000
177100 -574.000000
177200 -577.000000
177300 -576.000000
177400 -563.000000
177500 -576.000000
177600 -576.000000
177700 -566.000000
177800 -566.000000
177900 -565.000000
178000 -578.000000
178100 -568.000000
178200 -568.000000
178300 -577.000000
178400 -570.000000
178500 -574.000000
178600 -577.000000
178700 -577.000000
178800 -571.000000
178900 -570.000000
179000 -574.000000
179100 -568.000000
179200 -571.000000
179300 -565.000000
179400 -567.000000
179500 -574.000000
179600 -568.000000
179700 -570.000000
179800 -561.000000
179900 -565.000000
180000 -576.000000
180100 -567.000000
180200 -567.000000
180300 -568.000000
180400 -576.000000
180500 -576.000000
180600 -573.000000
180700 -577.000000
180800 -569.000000
180900 -576.000000
181000 -576.000000
181100 -577.000000
181200 -576.000000
181300 -577.000000
181400 -578.000000
181500 -572.000000
181600 -577.000000
181700 -567.000000
181800 -576.000000
181900 -577.000000
182000 -576.000000
182100 -577.000000
182200 -576.000000
182300 -575.000000
182400 -577.000000
182500 -574.000000
182600 -575.000000
182700 -576.000000
182800 -574.000000
182900 -575.000000
183000 -570.000000
183100 -576.000000
183200 -568.000000
183300 -574.000000
183400 -577.000000
183500 -572.000000
183600 -575.000000
183700 -575.000000
183800 -579.000000
183900 -575.000000
184000 -577.000000
184100 -559.000000
184200 -572.000000
184300 -570.000000
184400 -567.000000
184500 -571.000000
184600 -571.000000
184700 -575.000000
184800 -574.000000
184900 -576.000000
185000 -576.000000
185100 -572.000000
185200 -575.000000
185300 -574.000000
185400 -574.000000
185500 -574.000000
185600 -576.000000
185700 -569.000000
185800 -576.000000
185900 -576.000000
186000 -570.000000
186100 -571.000000
186200 -570.000000
186300 -573.000000
186400 -570.000000
186500 -577.000000
186600 -576.000000
186700 -572.000000
186800 -573.000000
186900 -573.000000
187000 -576.000000
187100 -573.000000
187200 -572.000000
187300 -567.000000
187400 -570.000000
187500 -576.000000
187600 -568.000000
187700 -572.000000
187800 -570.000000
187900 -570.000000
188000 -568.000000
188100 -576.000000
188200 -575.000000
188300 -577.000000
188400 -570.000000
188500 -577.000000
188600 -572.000000
188700 -577.000000
188800 -576.000000
188900 -575.000000
189000 -575.000000
189100 -576.000000
189200 -572.000000
189300 -568.000000
189400 -576.000000
189500 -572.000000
189600 -573.000000
189700 -573.000000
189800 -570.000000
189900 -569.000000
190000 -564.000000
190100 -566.000000
190200 -568.000000
190300 -566.000000
190400 -577.000000
190500 -565.000000
190600 -573.000000
190700 -568.000000
190800 -569.000000
190900 -570.000000
191000 -574.000000
191100 -577.000000
191200 -575.000000
191300 -562.000000
191400 -568.000000
191500 -570.000000
191600 -573.000000
191700 -563.000000
191800 -568.000000
191900 -571.000000
192000 -577.000000
192100 -568.000000
192200 -570.000000
192300 -567.000000
192400 -575.000000
192500 -558.000000
192600 -571.000000
192700 -562.000000
192800 -577.000000
192900 -574.000000
193000 -571.000000
193100 -575.000000
193200 -574.000000
193300 -570.000000
193400 -566.000000
193500 -570.000000
193600 -568.000000
193700 -572.000000
193800 -566.000000
193900 -568.000000
194000 -574.000000
194100 -570.000000
194200 -576.000000
194300 -576.000000
194400 -576.000000
194500 -573.000000
194600 -570.000000
194700 -562.000000
194800 -576.000000
194900 -575.000000
195000 -570.000000
195100 -576.000000
195200 -569.000000
195300 -570.000000
195400 -574.000000
195500 -574.000000
195600 -557.000000
195700 -572.000000
195800 -571.000000
195900 -573.000000
196000 -575.000000
196100 -571.000000
196200 -572.000000
196300 -576.000000
196400 -573.000000
196500 -574.000000
196600 -569.000000
196700 -571.000000
196800 -573.000000
196900 -573.000000
197000 -570.000000
197100 -574.000000
197200 -573.000000
197300 -569.000000
197400 -570.000000
197500 -571.000000
197600 -566.000000
197700 -573.000000
197800 -572.000000
197900 -575.000000
198000 -570.000000
198100 -566.000000
198200 -570.000000
198300 -574.000000
198400 -571.000000
198500 -571.000000
198600 -575.000000
198700 -573.000000
198800 -575.000000
198900 -575.000000
199000 -572.000000
199100 -570.000000
199200 -571.000000
199300 -574.000000
199400 -577.000000
199500 -576.000000
199600 -576.000000
199700 -577.000000
199800 -568.000000
199900 -564.000000
