0 -1024.000000
100 -888.000000
200 -891.000000
300 -880.000000
400 -894.000000
500 -882.000000
600 -884.000000
700 -895.000000
800 -886.000000
900 -893.000000
1000 -864.000000
1100 -864.000000
1200 -864.000000
1300 -864.000000
1400 -864.000000
1500 -864.000000
1600 -864.000000
1700 -864.000000
1800 -864.000000
1900 -864.000000
2000 -864.000000
2100 -864.000000
2200 -864.000000
2300 -864.000000
2400 -864.000000
2500 -864.000000
2600 -864.000000
2700 -848.000000
2800 -864.000000
2900 -864.000000
3000 -864.000000
3100 -864.000000
3200 -861.000000
3300 -860.000000
3400 -863.000000
3500 -864.000000
3600 -861.000000
3700 -850.000000
3800 -864.000000
3900 -862.000000
4000 -864.000000
4100 -864.000000
4200 -864.000000
4300 -864.000000
4400 -864.000000
4500 -812.000000
4600 -815.000000
4700 -829.000000
4800 -816.000000
4900 -776.000000
5000 -776.000000
5100 -774.000000
5200 -772.000000
5300 -770.000000
5400 -775.000000
5500 -766.000000
5600 -772.000000
5700 -768.000000
5800 -771.000000
5900 -770.000000
6000 -767.000000
6100 -764.000000
6200 -776.000000
6300 -774.000000
6400 -769.000000
6500 -768.000000
6600 -765.000000
6700 -771.000000
6800 -767.000000
6900 -780.000000
7000 -773.000000
7100 -768.000000
7200 -781.000000
7300 -778.000000
7400 -771.000000
7500 -773.000000
7600 -766.000000
7700 -770.000000
7800 -772.000000
7900 -777.000000
8000 -766.000000
8100 -768.000000
8200 -776.000000
8300 -768.000000
8400 -771.000000
8500 -771.000000
8600 -776.000000
8700 -774.000000
8800 -763.000000
8900 -772.000000
9000 -770.000000
9100 -779.000000
9200 -772.000000
9300 -772.000000
9400 -775.000000
9500 -771.000000
9600 -777.000000
9700 -767.000000
9800 -775.000000
9900 -777.000000
10000 -767.000000
10100 -771.000000
10200 -771.000000
10300 -774.000000
10400 -769.000000
10500 -764.000000
10600 -767.000000
10700 -772.000000
10800 -773.000000
10900 -769.000000
11000 -764.000000
11100 -765.000000
11200 -769.000000
11300 -773.000000
11400 -770.000000
11500 -771.000000
11600 -766.000000
11700 -766.000000
11800 -765.000000
11900 -767.000000
12000 -772.000000
12100 -768.000000
12200 -763.000000
12300 -768.000000
12400 -772.000000
12500 -768.000000
12600 -775.000000
12700 -768.000000
12800 -766.000000
12900 -773.000000
13000 -770.000000
13100 -773.000000
13200 -766.000000
13300 -779.000000
13400 -771.000000
13500 -765.000000
13600 -770.000000
13700 -771.000000
13800 -773.000000
13900 -775.000000
14000 -770.000000
14100 -775.000000
14200 -772.000000
14300 -770.000000
14400 -765.000000
14500 -771.000000
14600 -770.000000
14700 -776.000000
14800 -777.000000
14900 -767.000000
15000 -773.000000
15100 -777.000000
15200 -775.000000
15300 -775.000000
15400 -771.000000
15500 -769.000000
15600 -775.000000
15700 -770.000000
15800 -766.000000
15900 -766.000000
16000 -770.000000
16100 -768.000000
16200 -776.000000
16300 -775.000000
16400 -778.000000
16500 -767.000000
16600 -770.000000
16700 -777.000000
16800 -770.000000
16900 -772.000000
17000 -769.000000
17100 -772.000000
17200 -769.000000
17300 -770.000000
17400 -763.000000
17500 -766.000000
17600 -768.000000
17700 -766.000000
17800 -768.000000
17900 -768.000000
18000 -752.000000
18100 -752.000000
18200 -752.000000
18300 -752.000000
18400 -752.000000
18500 -744.000000
18600 -767.000000
18700 -766.000000
18800 -767.000000
18900 -765.000000
19000 -744.000000
19100 -739.000000
19200 -737.000000
19300 -728.000000
19400 -746.000000
19500 -733.000000
19600 -752.000000
19700 -746.000000
19800 -746.000000
19900 -742.000000
20000 -734.000000
20100 -745.000000
20200 -738.000000
20300 -725.000000
20400 -739.000000
20500 -739.000000
20600 -730.000000
20700 -736.000000
20800 -730.000000
20900 -745.000000
21000 -748.000000
21100 -741.000000
21200 -727.000000
21300 -744.000000
21400 -746.000000
21500 -743.000000
21600 -734.000000
21700 -738.000000
21800 -731.000000
21900 -741.000000
22000 -738.000000
22100 -728.000000
22200 -741.000000
22300 -740.000000
22400 -739.000000
22500 -734.000000
22600 -739.000000
22700 -743.000000
22800 -720.000000
22900 -720.000000
23000 -720.000000
23100 -720.000000
23200 -720.000000
23300 -720.000000
23400 -720.000000
23500 -720.000000
23600 -720.000000
23700 -720.000000
23800 -720.000000
23900 -720.000000
24000 -720.000000
24100 -720.000000
24200 -720.000000
24300 -720.000000
24400 -720.000000
24500 -720.000000
24600 -720.000000
24700 -720.000000
24800 -720.000000
24900 -720.000000
25000 -720.000000
25100 -720.000000
25200 -720.000000
25300 -720.000000
25400 -720.000000
25500 -720.000000
25600 -720.000000
25700 -720.000000
25800 -720.000000
25900 -720.000000
26000 -715.000000
26100 -720.000000
26200 -720.000000
26300 -719.000000
26400 -720.000000
26500 -720.000000
26600 -720.000000
26700 -720.000000
26800 -720.000000
26900 -720.000000
27000 -720.000000
27100 -720.000000
27200 -720.000000
27300 -720.000000
27400 -720.000000
27500 -720.000000
27600 -720.000000
27700 -720.000000
27800 -720.000000
27900 -703.000000
28000 -704.000000
28100 -704.000000
28200 -704.000000
28300 -704.000000
28400 -704.000000
28500 -704.000000
28600 -705.000000
28700 -704.000000
28800 -704.000000
28900 -704.000000
29000 -704.000000
29100 -704.000000
29200 -704.000000
29300 -704.000000
29400 -704.000000
29500 -704.000000
29600 -704.000000
29700 -704.000000
29800 -704.000000
29900 -705.000000
30000 -704.000000
30100 -704.000000
30200 -704.000000
30300 -704.000000
30400 -705.000000
30500 -704.000000
30600 -704.000000
30700 -704.000000
30800 -704.000000
30900 -704.000000
31000 -704.000000
31100 -704.000000
31200 -704.000000
31300 -704.000000
31400 -704.000000
31500 -704.000000
31600 -704.000000
31700 -704.000000
31800 -704.000000
31900 -704.000000
32000 -704.000000
32100 -704.000000
32200 -704.000000
32300 -704.000000
32400 -704.000000
32500 -704.000000
32600 -704.000000
32700 -704.000000
32800 -704.000000
32900 -704.000000
33000 -704.000000
33100 -704.000000
33200 -703.000000
33300 -704.000000
33400 -704.000000
33500 -704.000000
33600 -704.000000
33700 -704.000000
33800 -704.000000
33900 -703.000000
34000 -703.000000
34100 -704.000000
34200 -704.000000
34300 -704.000000
34400 -704.000000
34500 -703.000000
34600 -704.000000
34700 -704.000000
34800 -703.000000
34900 -705.000000
35000 -703.000000
35100 -704.000000
35200 -704.000000
35300 -702.000000
35400 -707.000000
35500 -709.000000
35600 -717.000000
35700 -714.000000
35800 -727.000000
35900 -725.000000
36000 -707.000000
36100 -702.000000
36200 -707.000000
36300 -703.000000
36400 -709.000000
36500 -714.000000
36600 -708.000000
36700 -714.000000
36800 -704.000000
36900 -704.000000
37000 -704.000000
37100 -705.000000
37200 -704.000000
37300 -703.000000
37400 -704.000000
37500 -699.000000
37600 -702.000000
37700 -703.000000
37800 -704.000000
37900 -699.000000
38000 -703.000000
38100 -705.000000
38200 -703.000000
38300 -704.000000
38400 -705.000000
38500 -704.000000
38600 -705.000000
38700 -703.000000
38800 -704.000000
38900 -704.000000
39000 -703.000000
39100 -703.000000
39200 -704.000000
39300 -698.000000
39400 -703.000000
39500 -704.000000
39600 -703.000000
39700 -703.000000
39800 -700.000000
39900 -705.000000
40000 -704.000000
40100 -703.000000
40200 -701.000000
40300 -704.000000
40400 -704.000000
40500 -702.000000
40600 -703.000000
40700 -702.000000
40800 -704.000000
40900 -701.000000
41000 -701.000000
41100 -703.000000
41200 -704.000000
41300 -701.000000
41400 -704.000000
41500 -704.000000
41600 -704.000000
41700 -704.000000
41800 -704.000000
41900 -697.000000
42000 -701.000000
42100 -699.000000
42200 -704.000000
42300 -704.000000
42400 -704.000000
42500 -704.000000
42600 -696.000000
42700 -702.000000
42800 -704.000000
42900 -704.000000
43000 -700.000000
43100 -704.000000
43200 -703.000000
43300 -703.000000
43400 -704.000000
43500 -703.000000
43600 -702.000000
43700 -700.000000
43800 -704.000000
43900 -699.000000
44000 -698.000000
44100 -703.000000
44200 -704.000000
44300 -701.000000
44400 -696.000000
44500 -703.000000
44600 -703.000000
44700 -704.000000
44800 -704.000000
44900 -703.000000
45000 -704.000000
45100 -702.000000
45200 -703.000000
45300 -704.000000
45400 -703.000000
45500 -704.000000
45600 -702.000000
45700 -703.000000
45800 -703.000000
45900 -702.000000
46000 -703.000000
46100 -703.000000
46200 -702.000000
46300 -701.000000
46400 -697.000000
46500 -702.000000
46600 -701.000000
46700 -699.000000
46800 -698.000000
46900 -703.000000
47000 -703.000000
47100 -694.000000
47200 -703.000000
47300 -704.000000
47400 -698.000000
47500 -700.000000
47600 -702.000000
47700 -704.000000
47800 -704.000000
47900 -693.000000
48000 -701.000000
48100 -704.000000
48200 -703.000000
48300 -699.000000
48400 -704.000000
48500 -703.000000
48600 -703.000000
48700 -703.000000
48800 -704.000000
48900 -703.000000
49000 -703.000000
49100 -704.000000
49200 -700.000000
49300 -703.000000
49400 -704.000000
49500 -702.000000
49600 -703.000000
49700 -703.000000
49800 -704.000000
49900 -703.000000
50000 -703.000000
50100 -703.000000
50200 -703.000000
50300 -703.000000
50400 -702.000000
50500 -702.000000
50600 -704.000000
50700 -700.000000
50800 -703.000000
50900 -703.000000
51000 -704.000000
51100 -703.000000
51200 -703.000000
51300 -703.000000
51400 -704.000000
51500 -704.000000
51600 -703.000000
51700 -702.000000
51800 -704.000000
51900 -703.000000
52000 -703.000000
52100 -703.000000
52200 -700.000000
52300 -703.000000
52400 -701.000000
52500 -703.000000
52600 -703.000000
52700 -703.000000
52800 -704.000000
52900 -700.000000
53000 -703.000000
53100 -703.000000
53200 -703.000000
53300 -703.000000
53400 -703.000000
53500 -703.000000
53600 -701.000000
53700 -703.000000
53800 -702.000000
53900 -703.000000
54000 -703.000000
54100 -703.000000
54200 -702.000000
54300 -702.000000
54400 -702.000000
54500 -703.000000
54600 -703.000000
54700 -703.000000
54800 -704.000000
54900 -703.000000
55000 -703.000000
55100 -703.000000
55200 -704.000000
55300 -696.000000
55400 -703.000000
55500 -702.000000
55600 -704.000000
55700 -703.000000
55800 -702.000000
55900 -704.000000
56000 -703.000000
56100 -703.000000
56200 -702.000000
56300 -702.000000
56400 -704.000000
56500 -702.000000
56600 -701.000000
56700 -703.000000
56800 -704.000000
56900 -703.000000
57000 -698.000000
57100 -703.000000
57200 -704.000000
57300 -700.000000
57400 -702.000000
57500 -702.000000
57600 -703.000000
57700 -696.000000
57800 -703.000000
57900 -702.000000
58000 -703.000000
58100 -695.000000
58200 -702.000000
58300 -703.000000
58400 -703.000000
58500 -699.000000
58600 -704.000000
58700 -699.000000
58800 -703.000000
58900 -703.000000
59000 -703.000000
59100 -704.000000
59200 -703.000000
59300 -702.000000
59400 -697.000000
59500 -702.000000
59600 -704.000000
59700 -702.000000
59800 -704.000000
59900 -702.000000
60000 -701.000000
60100 -699.000000
60200 -702.000000
60300 -704.000000
60400 -703.000000
60500 -702.000000
60600 -704.000000
60700 -704.000000
60800 -703.000000
60900 -703.000000
61000 -704.000000
61100 -703.000000
61200 -703.000000
61300 -704.000000
61400 -703.000000
61500 -704.000000
61600 -704.000000
61700 -703.000000
61800 -704.000000
61900 -704.000000
62000 -704.000000
62100 -703.000000
62200 -703.000000
62300 -703.000000
62400 -703.000000
62500 -702.000000
62600 -703.000000
62700 -704.000000
62800 -704.000000
62900 -703.000000
63000 -704.000000
63100 -703.000000
63200 -703.000000
63300 -702.000000
63400 -703.000000
63500 -703.000000
63600 -704.000000
63700 -701.000000
63800 -704.000000
63900 -702.000000
64000 -703.000000
64100 -704.000000
64200 -701.000000
64300 -703.000000
64400 -702.000000
64500 -702.000000
64600 -702.000000
64700 -683.000000
64800 -689.000000
64900 -684.000000
65000 -687.000000
65100 -687.000000
65200 -684.000000
65300 -693.000000
65400 -684.000000
65500 -691.000000
65600 -683.000000
65700 -677.000000
65800 -684.000000
65900 -691.000000
66000 -689.000000
66100 -691.000000
66200 -689.000000
66300 -684.000000
66400 -687.000000
66500 -688.000000
66600 -691.000000
66700 -681.000000
66800 -688.000000
66900 -686.000000
67000 -689.000000
67100 -688.000000
67200 -688.000000
67300 -687.000000
67400 -690.000000
67500 -684.000000
67600 -685.000000
67700 -690.000000
67800 -685.000000
67900 -685.000000
68000 -689.000000
68100 -692.000000
68200 -687.000000
68300 -687.000000
68400 -688.000000
68500 -688.000000
68600 -688.000000
68700 -686.000000
68800 -688.000000
68900 -688.000000
69000 -686.000000
69100 -685.000000
69200 -688.000000
69300 -679.000000
69400 -686.000000
69500 -688.000000
69600 -688.000000
69700 -685.000000
69800 -687.000000
69900 -689.000000
70000 -690.000000
70100 -686.000000
70200 -693.000000
70300 -689.000000
70400 -687.000000
70500 -684.000000
70600 -688.000000
70700 -687.000000
70800 -688.000000
70900 -685.000000
71000 -687.000000
71100 -688.000000
71200 -688.000000
71300 -682.000000
71400 -687.000000
71500 -684.000000
71600 -683.000000
71700 -687.000000
71800 -688.000000
71900 -679.000000
72000 -689.000000
72100 -684.000000
72200 -685.000000
72300 -687.000000
72400 -687.000000
72500 -680.000000
72600 -688.000000
72700 -688.000000
72800 -686.000000
72900 -687.000000
73000 -688.000000
73100 -681.000000
73200 -687.000000
73300 -685.000000
73400 -687.000000
73500 -676.000000
73600 -687.000000
73700 -687.000000
73800 -685.000000
73900 -686.000000
74000 -687.000000
74100 -683.000000
74200 -677.000000
74300 -683.000000
74400 -682.000000
74500 -682.000000
74600 -687.000000
74700 -688.000000
74800 -685.000000
74900 -688.000000
75000 -686.000000
75100 -680.000000
75200 -684.000000
75300 -682.000000
75400 -681.000000
75500 -684.000000
75600 -684.000000
75700 -688.000000
75800 -683.000000
75900 -685.000000
76000 -684.000000
76100 -687.000000
76200 -685.000000
76300 -679.000000
76400 -681.000000
76500 -686.000000
76600 -688.000000
76700 -680.000000
76800 -683.000000
76900 -683.000000
77000 -681.000000
77100 -684.000000
77200 -681.000000
77300 -684.000000
77400 -687.000000
77500 -683.000000
77600 -685.000000
77700 -682.000000
77800 -684.000000
77900 -684.000000
78000 -687.000000
78100 -685.000000
78200 -685.000000
78300 -687.000000
78400 -680.000000
78500 -687.000000
78600 -685.000000
78700 -685.000000
78800 -682.000000
78900 -686.000000
79000 -685.000000
79100 -679.000000
79200 -676.000000
79300 -682.000000
79400 -686.000000
79500 -685.000000
79600 -684.000000
79700 -670.000000
79800 -678.000000
79900 -665.000000
80000 -667.000000
80100 -664.000000
80200 -666.000000
80300 -664.000000
80400 -669.000000
80500 -661.000000
80600 -663.000000
80700 -667.000000
80800 -658.000000
80900 -666.000000
81000 -666.000000
81100 -660.000000
81200 -665.000000
81300 -663.000000
81400 -661.000000
81500 -662.000000
81600 -661.000000
81700 -665.000000
81800 -667.000000
81900 -665.000000
82000 -672.000000
82100 -660.000000
82200 -662.000000
82300 -664.000000
82400 -670.000000
82500 -664.000000
82600 -663.000000
82700 -665.000000
82800 -662.000000
82900 -660.000000
83000 -657.000000
83100 -659.000000
83200 -659.000000
83300 -661.000000
83400 -655.000000
83500 -658.000000
83600 -656.000000
83700 -657.000000
83800 -656.000000
83900 -658.000000
84000 -655.000000
84100 -657.000000
84200 -660.000000
84300 -656.000000
84400 -656.000000
84500 -656.000000
84600 -656.000000
84700 -656.000000
84800 -656.000000
84900 -656.000000
85000 -640.000000
85100 -640.000000
85200 -640.000000
85300 -640.000000
85400 -640.000000
85500 -640.000000
85600 -640.000000
85700 -640.000000
85800 -640.000000
85900 -640.000000
86000 -640.000000
86100 -640.000000
86200 -640.000000
86300 -640.000000
86400 -640.000000
86500 -640.000000
86600 -640.000000
86700 -640.000000
86800 -640.000000
86900 -640.000000
87000 -640.000000
87100 -640.000000
87200 -640.000000
87300 -640.000000
87400 -640.000000
87500 -640.000000
87600 -640.000000
87700 -640.000000
87800 -640.000000
87900 -640.000000
88000 -640.000000
88100 -640.000000
88200 -640.000000
88300 -640.000000
88400 -640.000000
88500 -640.000000
88600 -640.000000
88700 -641.000000
88800 -639.000000
88900 -640.000000
89000 -640.000000
89100 -640.000000
89200 -640.000000
89300 -640.000000
89400 -640.000000
89500 -640.000000
89600 -640.000000
89700 -640.000000
89800 -640.000000
89900 -640.000000
90000 -639.000000
90100 -640.000000
90200 -640.000000
90300 -640.000000
90400 -640.000000
90500 -640.000000
90600 -640.000000
90700 -639.000000
90800 -640.000000
90900 -640.000000
91000 -640.000000
91100 -640.000000
91200 -640.000000
91300 -640.000000
91400 -640.000000
91500 -640.000000
91600 -640.000000
91700 -640.000000
91800 -640.000000
91900 -640.000000
92000 -640.000000
92100 -640.000000
92200 -640.000000
92300 -640.000000
92400 -640.000000
92500 -640.000000
92600 -640.000000
92700 -640.000000
92800 -640.000000
92900 -640.000000
93000 -640.000000
93100 -640.000000
93200 -640.000000
93300 -639.000000
93400 -640.000000
93500 -640.000000
93600 -640.000000
93700 -640.000000
93800 -640.000000
93900 -640.000000
94000 -640.000000
94100 -640.000000
94200 -640.000000
94300 -640.000000
94400 -640.000000
94500 -640.000000
94600 -640.000000
94700 -640.000000
94800 -640.000000
94900 -640.000000
95000 -640.000000
95100 -640.000000
95200 -640.000000
95300 -640.000000
95400 -640.000000
95500 -639.000000
95600 -640.000000
95700 -640.000000
95800 -640.000000
95900 -640.000000
96000 -640.000000
96100 -640.000000
96200 -640.000000
96300 -640.000000
96400 -640.000000
96500 -639.000000
96600 -640.000000
96700 -639.000000
96800 -640.000000
96900 -640.000000
97000 -640.000000
97100 -640.000000
97200 -640.000000
97300 -640.000000
97400 -640.000000
97500 -640.000000
97600 -640.000000
97700 -640.000000
97800 -640.000000
97900 -640.000000
98000 -640.000000
98100 -639.000000
98200 -640.000000
98300 -640.000000
98400 -639.000000
98500 -640.000000
98600 -640.000000
98700 -639.000000
98800 -640.000000
98900 -640.000000
99000 -640.000000
99100 -640.000000
99200 -638.000000
99300 -639.000000
99400 -640.000000
99500 -640.000000
99600 -640.000000
99700 -639.000000
99800 -640.000000
99900 -640.000000
100000 -640.000000
100100 -640.000000
100200 -640.000000
100300 -640.000000
100400 -640.000000
100500 -640.000000
100600 -640.000000
100700 -640.000000
100800 -640.000000
100900 -640.000000
101000 -640.000000
101100 -639.000000
101200 -639.000000
101300 -640.000000
101400 -640.000000
101500 -640.000000
101600 -640.000000
101700 -640.000000
101800 -640.000000
101900 -640.000000
102000 -640.000000
102100 -640.000000
102200 -639.000000
102300 -640.000000
102400 -639.000000
102500 -640.000000
102600 -640.000000
102700 -640.000000
102800 -640.000000
102900 -640.000000
103000 -640.000000
103100 -639.000000
103200 -640.000000
103300 -640.000000
103400 -640.000000
103500 -640.000000
103600 -640.000000
103700 -640.000000
103800 -639.000000
103900 -640.000000
104000 -640.000000
104100 -640.000000
104200 -640.000000
104300 -639.000000
104400 -640.000000
104500 -640.000000
104600 -640.000000
104700 -640.000000
104800 -639.000000
104900 -639.000000
105000 -639.000000
105100 -639.000000
105200 -640.000000
105300 -639.000000
105400 -640.000000
105500 -640.000000
105600 -640.000000
105700 -640.000000
105800 -640.000000
105900 -640.000000
106000 -640.000000
106100 -640.000000
106200 -639.000000
106300 -639.000000
106400 -640.000000
106500 -640.000000
106600 -640.000000
106700 -640.000000
106800 -640.000000
106900 -640.000000
107000 -640.000000
107100 -640.000000
107200 -640.000000
107300 -640.000000
107400 -640.000000
107500 -640.000000
107600 -640.000000
107700 -637.000000
107800 -636.000000
107900 -634.000000
108000 -634.000000
108100 -640.000000
108200 -629.000000
108300 -640.000000
108400 -638.000000
108500 -640.000000
108600 -633.000000
108700 -635.000000
108800 -635.000000
108900 -640.000000
109000 -638.000000
109100 -640.000000
109200 -634.000000
109300 -630.000000
109400 -638.000000
109500 -633.000000
109600 -633.000000
109700 -640.000000
109800 -638.000000
109900 -637.000000
110000 -627.000000
110100 -638.000000
110200 -640.000000
110300 -623.000000
110400 -630.000000
110500 -638.000000
110600 -633.000000
110700 -639.000000
110800 -627.000000
110900 -633.000000
111000 -639.000000
111100 -632.000000
111200 -636.000000
111300 -635.000000
111400 -625.000000
111500 -627.000000
111600 -636.000000
111700 -634.000000
111800 -630.000000
111900 -633.000000
112000 -631.000000
112100 -628.000000
112200 -639.000000
112300 -639.000000
112400 -636.000000
112500 -639.000000
112600 -634.000000
112700 -632.000000
112800 -637.000000
112900 -640.000000
113000 -639.000000
113100 -640.000000
113200 -639.000000
113300 -640.000000
113400 -640.000000
113500 -640.000000
113600 -640.000000
113700 -639.000000
113800 -639.000000
113900 -640.000000
114000 -640.000000
114100 -640.000000
114200 -640.000000
114300 -640.000000
114400 -639.000000
114500 -640.000000
114600 -633.000000
114700 -630.000000
114800 -640.000000
114900 -640.000000
115000 -639.000000
115100 -640.000000
115200 -639.000000
115300 -639.000000
115400 -640.000000
115500 -640.000000
115600 -640.000000
115700 -640.000000
115800 -640.000000
115900 -640.000000
116000 -639.000000
116100 -640.000000
116200 -640.000000
116300 -640.000000
116400 -640.000000
116500 -640.000000
116600 -640.000000
116700 -640.000000
116800 -640.000000
116900 -640.000000
117000 -640.000000
117100 -640.000000
117200 -640.000000
117300 -640.000000
117400 -640.000000
117500 -640.000000
117600 -640.000000
117700 -639.000000
117800 -640.000000
117900 -628.000000
118000 -624.000000
118100 -628.000000
118200 -627.000000
118300 -631.000000
118400 -637.000000
118500 -635.000000
118600 -628.000000
118700 -633.000000
118800 -625.000000
118900 -640.000000
119000 -624.000000
119100 -627.000000
119200 -640.000000
119300 -640.000000
119400 -635.000000
119500 -637.000000
119600 -632.000000
119700 -635.000000
119800 -632.000000
119900 -640.000000
120000 -637.000000
120100 -632.000000
120200 -632.000000
120300 -634.000000
120400 -637.000000
120500 -632.000000
120600 -626.000000
120700 -640.000000
120800 -635.000000
120900 -630.000000
121000 -635.000000
121100 -634.000000
121200 -632.000000
121300 -636.000000
121400 -636.000000
121500 -637.000000
121600 -639.000000
121700 -631.000000
121800 -630.000000
121900 -626.000000
122000 -632.000000
122100 -639.000000
122200 -633.000000
122300 -639.000000
122400 -636.000000
122500 -634.000000
122600 -633.000000
122700 -639.000000
122800 -640.000000
122900 -639.000000
123000 -640.000000
123100 -632.000000
123200 -630.000000
123300 -640.000000
123400 -638.000000
123500 -639.000000
123600 -631.000000
123700 -640.000000
123800 -639.000000
123900 -639.000000
124000 -639.000000
124100 -640.000000
124200 -639.000000
124300 -639.000000
124400 -640.000000
124500 -640.000000
124600 -638.000000
124700 -640.000000
124800 -639.000000
124900 -639.000000
125000 -640.000000
125100 -640.000000
125200 -639.000000
125300 -639.000000
125400 -640.000000
125500 -639.000000
125600 -640.000000
125700 -639.000000
125800 -640.000000
125900 -640.000000
126000 -638.000000
126100 -639.000000
126200 -639.000000
126300 -640.000000
126400 -639.000000
126500 -640.000000
126600 -640.000000
126700 -640.000000
126800 -640.000000
126900 -631.000000
127000 -639.000000
127100 -640.000000
127200 -633.000000
127300 -625.000000
127400 -640.000000
127500 -637.000000
127600 -640.000000
127700 -640.000000
127800 -632.000000
127900 -637.000000
128000 -639.000000
128100 -638.000000
128200 -633.000000
128300 -639.000000
128400 -640.000000
128500 -640.000000
128600 -639.000000
128700 -640.000000
128800 -628.000000
128900 -630.000000
129000 -640.000000
129100 -628.000000
129200 -640.000000
129300 -628.000000
129400 -632.000000
129500 -631.000000
129600 -640.000000
129700 -639.000000
129800 -640.000000
129900 -640.000000
130000 -640.000000
130100 -640.000000
130200 -640.000000
130300 -640.000000
130400 -640.000000
130500 -639.000000
130600 -640.000000
130700 -640.000000
130800 -618.000000
130900 -640.000000
131000 -640.000000
131100 -640.000000
131200 -638.000000
131300 -640.000000
131400 -637.000000
131500 -640.000000
131600 -634.000000
131700 -640.000000
131800 -633.000000
131900 -630.000000
132000 -636.000000
132100 -627.000000
132200 -625.000000
132300 -634.000000
132400 -636.000000
132500 -640.000000
132600 -630.000000
132700 -640.000000
132800 -628.000000
132900 -628.000000
133000 -634.000000
133100 -640.000000
133200 -635.000000
133300 -636.000000
133400 -640.000000
133500 -640.000000
133600 -640.000000
133700 -640.000000
133800 -639.000000
133900 -639.000000
134000 -639.000000
134100 -640.000000
134200 -640.000000
134300 -640.000000
134400 -639.000000
134500 -640.000000
134600 -640.000000
134700 -639.000000
134800 -640.000000
134900 -640.000000
135000 -640.000000
135100 -639.000000
135200 -639.000000
135300 -640.000000
135400 -640.000000
135500 -635.000000
135600 -629.000000
135700 -640.000000
135800 -635.000000
135900 -636.000000
136000 -634.000000
136100 -634.000000
136200 -634.000000
136300 -639.000000
136400 -640.000000
136500 -633.000000
136600 -635.000000
136700 -634.000000
136800 -640.000000
136900 -630.000000
137000 -629.000000
137100 -637.000000
137200 -640.000000
137300 -640.000000
137400 -630.000000
137500 -630.000000
137600 -607.000000
137700 -603.000000
137800 -606.000000
137900 -603.000000
138000 -611.000000
138100 -611.000000
138200 -608.000000
138300 -614.000000
138400 -610.000000
138500 -606.000000
138600 -601.000000
138700 -604.000000
138800 -611.000000
138900 -607.000000
139000 -614.000000
139100 -596.000000
139200 -610.000000
139300 -599.000000
139400 -610.000000
139500 -606.000000
139600 -611.000000
139700 -607.000000
139800 -617.000000
139900 -595.000000
140000 -611.000000
140100 -602.000000
140200 -602.000000
140300 -601.000000
140400 -613.000000
140500 -608.000000
140600 -607.000000
140700 -608.000000
140800 -610.000000
140900 -606.000000
141000 -611.000000
141100 -606.000000
141200 -608.000000
141300 -612.000000
141400 -602.000000
141500 -606.000000
141600 -606.000000
141700 -608.000000
141800 -606.000000
141900 -608.000000
142000 -613.000000
142100 -612.000000
142200 -606.000000
142300 -611.000000
142400 -614.000000
142500 -609.000000
142600 -609.000000
142700 -598.000000
142800 -612.000000
142900 -606.000000
143000 -593.000000
143100 -604.000000
143200 -604.000000
143300 -607.000000
143400 -610.000000
143500 -601.000000
143600 -617.000000
143700 -614.000000
143800 -608.000000
143900 -614.000000
144000 -604.000000
144100 -600.000000
144200 -614.000000
144300 -609.000000
144400 -609.000000
144500 -607.000000
144600 -615.000000
144700 -605.000000
144800 -614.000000
144900 -611.000000
145000 -609.000000
145100 -610.000000
145200 -602.000000
145300 -605.000000
145400 -604.000000
145500 -612.000000
145600 -620.000000
145700 -614.000000
145800 -610.000000
145900 -608.000000
146000 -603.000000
146100 -611.000000
146200 -600.000000
146300 -598.000000
146400 -613.000000
146500 -611.000000
146600 -601.000000
146700 -597.000000
146800 -603.000000
146900 -616.000000
147000 -614.000000
147100 -606.000000
147200 -605.000000
147300 -607.000000
147400 -611.000000
147500 -610.000000
147600 -610.000000
147700 -614.000000
147800 -612.000000
147900 -607.000000
148000 -608.000000
148100 -597.000000
148200 -602.000000
148300 -597.000000
148400 -612.000000
148500 -622.000000
148600 -617.000000
148700 -598.000000
148800 -602.000000
148900 -604.000000
149000 -614.000000
149100 -619.000000
149200 -610.000000
149300 -610.000000
149400 -614.000000
149500 -606.000000
149600 -619.000000
149700 -607.000000
149800 -604.000000
149900 -600.000000
150000 -608.000000
150100 -617.000000
150200 -609.000000
150300 -608.000000
150400 -607.000000
150500 -613.000000
150600 -601.000000
150700 -617.000000
150800 -616.000000
150900 -605.000000
151000 -601.000000
151100 -615.000000
151200 -606.000000
151300 -607.000000
151400 -605.000000
151500 -618.000000
151600 -603.000000
151700 -602.000000
151800 -610.000000
151900 -609.000000
152000 -617.000000
152100 -609.000000
152200 -609.000000
152300 -615.000000
152400 -594.000000
152500 -607.000000
152600 -604.000000
152700 -606.000000
152800 -612.000000
152900 -603.000000
153000 -606.000000
153100 -605.000000
153200 -614.000000
153300 -604.000000
153400 -614.000000
153500 -606.000000
153600 -605.000000
153700 -605.000000
153800 -607.000000
153900 -612.000000
154000 -605.000000
154100 -597.000000
154200 -614.000000
154300 -610.000000
154400 -607.000000
154500 -614.000000
154600 -603.000000
154700 -609.000000
154800 -608.000000
154900 -607.000000
155000 -606.000000
155100 -604.000000
155200 -599.000000
155300 -599.000000
155400 -608.000000
155500 -606.000000
155600 -604.000000
155700 -611.000000
155800 -607.000000
155900 -602.000000
156000 -591.000000
156100 -605.000000
156200 -603.000000
156300 -600.000000
156400 -608.000000
156500 -615.000000
156600 -616.000000
156700 -598.000000
156800 -612.000000
156900 -616.000000
157000 -609.000000
157100 -609.000000
157200 -592.000000
157300 -614.000000
157400 -617.000000
157500 -608.000000
157600 -609.000000
157700 -609.000000
157800 -607.000000
157900 -602.000000
158000 -609.000000
158100 -615.000000
158200 -606.000000
158300 -609.000000
158400 -617.000000
158500 -603.000000
158600 -607.000000
158700 -608.000000
158800 -616.000000
158900 -613.000000
159000 -606.000000
159100 -613.000000
159200 -603.000000
159300 -611.000000
159400 -610.000000
159500 -611.000000
159600 -618.000000
159700 -611.000000
159800 -599.000000
159900 -604.000000
160000 -608.000000
160100 -609.000000
160200 -621.000000
160300 -603.000000
160400 -599.000000
160500 -613.000000
160600 -621.000000
160700 -604.000000
160800 -614.000000
160900 -617.000000
161000 -603.000000
161100 -613.000000
161200 -613.000000
161300 -607.000000
161400 -617.000000
161500 -609.000000
161600 -614.000000
161700 -603.000000
161800 -611.000000
161900 -610.000000
162000 -602.000000
162100 -612.000000
162200 -613.000000
162300 -640.000000
162400 -605.000000
162500 -603.000000
162600 -605.000000
162700 -607.000000
162800 -617.000000
162900 -608.000000
163000 -610.000000
163100 -615.000000
163200 -612.000000
163300 -609.000000
163400 -604.000000
163500 -610.000000
163600 -610.000000
163700 -611.000000
163800 -607.000000
163900 -609.000000
164000 -619.000000
164100 -610.000000
164200 -632.000000
164300 -620.000000
164400 -610.000000
164500 -624.000000
164600 -614.000000
164700 -606.000000
164800 -619.000000
164900 -615.000000
165000 -626.000000
165100 -622.000000
165200 -617.000000
165300 -605.000000
165400 -620.000000
165500 -602.000000
165600 -634.000000
165700 -611.000000
165800 -622.000000
165900 -615.000000
166000 -618.000000
166100 -621.000000
166200 -611.000000
166300 -621.000000
166400 -615.000000
166500 -623.000000
166600 -635.000000
166700 -618.000000
166800 -629.000000
166900 -613.000000
167000 -628.000000
167100 -626.000000
167200 -628.000000
167300 -613.000000
167400 -618.000000
167500 -610.000000
167600 -627.000000
167700 -623.000000
167800 -618.000000
167900 -625.000000
168000 -615.000000
168100 -613.000000
168200 -615.000000
168300 -616.000000
168400 -617.000000
168500 -620.000000
168600 -614.000000
168700 -614.000000
168800 -612.000000
168900 -623.000000
169000 -623.000000
169100 -623.000000
169200 -620.000000
169300 -618.000000
169400 -616.000000
169500 -620.000000
169600 -640.000000
169700 -640.000000
169800 -640.000000
169900 -639.000000
170000 -640.000000
170100 -638.000000
170200 -638.000000
170300 -628.000000
170400 -639.000000
170500 -626.000000
170600 -640.000000
170700 -638.000000
170800 -634.000000
170900 -632.000000
171000 -637.000000
171100 -622.000000
171200 -640.000000
171300 -637.000000
171400 -638.000000
171500 -640.000000
171600 -637.000000
171700 -636.000000
171800 -640.000000
171900 -640.000000
172000 -631.000000
172100 -633.000000
172200 -640.000000
172300 -632.000000
172400 -640.000000
172500 -637.000000
172600 -640.000000
172700 -640.000000
172800 -640.000000
172900 -636.000000
173000 -625.000000
173100 -638.000000
173200 -628.000000
173300 -635.000000
173400 -631.000000
173500 -640.000000
173600 -636.000000
173700 -628.000000
173800 -633.000000
173900 -634.000000
174000 -632.000000
174100 -628.000000
174200 -636.000000
174300 -631.000000
174400 -634.000000
174500 -627.000000
174600 -625.000000
174700 -632.000000
174800 -627.000000
174900 -634.000000
175000 -630.000000
175100 -626.000000
175200 -632.000000
175300 -631.000000
175400 -636.000000
175500 -618.000000
175600 -630.000000
175700 -633.000000
175800 -632.000000
175900 -627.000000
176000 -631.000000
176100 -635.000000
176200 -634.000000
176300 -620.000000
176400 -639.000000
176500 -632.000000
176600 -638.000000
176700 -616.000000
176800 -626.000000
176900 -636.000000
177000 -629.000000
177100 -637.000000
177200 -634.000000
177300 -631.000000
177400 -635.000000
177500 -640.000000
177600 -633.000000
177700 -633.000000
177800 -636.000000
177900 -640.000000
178000 -635.000000
178100 -639.000000
178200 -614.000000
178300 -622.000000
178400 -625.000000
178500 -628.000000
178600 -617.000000
178700 -626.000000
178800 -625.000000
178900 -628.000000
179000 -633.000000
179100 -621.000000
179200 -618.000000
179300 -621.000000
179400 -625.000000
179500 -625.000000
179600 -620.000000
179700 -618.000000
179800 -623.000000
179900 -631.000000
180000 -630.000000
180100 -625.000000
180200 -621.000000
180300 -623.000000
180400 -628.000000
180500 -633.000000
180600 -623.000000
180700 -621.000000
180800 -624.000000
180900 -623.000000
181000 -625.000000
181100 -619.000000
181200 -621.000000
181300 -629.000000
181400 -623.000000
181500 -623.000000
181600 -623.000000
181700 -630.000000
181800 -632.000000
181900 -639.000000
182000 -626.000000
182100 -634.000000
182200 -623.000000
182300 -632.000000
182400 -631.000000
182500 -624.000000
182600 -639.000000
182700 -624.000000
182800 -630.000000
182900 -629.000000
183000 -635.000000
183100 -626.000000
183200 -636.000000
183300 -639.000000
183400 -632.000000
183500 -636.000000
183600 -624.000000
183700 -626.000000
183800 -621.000000
183900 -629.000000
184000 -627.000000
184100 -636.000000
184200 -626.000000
184300 -629.000000
184400 -634.000000
184500 -638.000000
184600 -629.000000
184700 -639.000000
184800 -640.000000
184900 -640.000000
185000 -639.000000
185100 -640.000000
185200 -640.000000
185300 -636.000000
185400 -638.000000
185500 -640.000000
185600 -639.000000
185700 -639.000000
185800 -640.000000
185900 -640.000000
186000 -640.000000
186100 -639.000000
186200 -640.000000
186300 -640.000000
186400 -640.000000
186500 -638.000000
186600 -638.000000
186700 -640.000000
186800 -640.000000
186900 -640.000000
187000 -639.000000
187100 -640.000000
187200 -639.000000
187300 -640.000000
187400 -639.000000
187500 -640.000000
187600 -640.000000
187700 -640.000000
187800 -640.000000
187900 -640.000000
188000 -640.000000
188100 -640.000000
188200 -636.000000
188300 -640.000000
188400 -639.000000
188500 -639.000000
188600 -640.000000
188700 -640.000000
188800 -639.000000
188900 -639.000000
189000 -638.000000
189100 -638.000000
189200 -640.000000
189300 -640.000000
189400 -640.000000
189500 -640.000000
189600 -640.000000
189700 -640.000000
189800 -639.000000
189900 -640.000000
190000 -640.000000
190100 -640.000000
190200 -639.000000
190300 -640.000000
190400 -624.000000
190500 -640.000000
190600 -635.000000
190700 -640.000000
190800 -629.000000
190900 -633.000000
191000 -621.000000
191100 -632.000000
191200 -621.000000
191300 -632.000000
191400 -623.000000
191500 -621.000000
191600 -623.000000
191700 -626.000000
191800 -614.000000
191900 -619.000000
192000 -626.000000
192100 -602.000000
192200 -605.000000
192300 -608.000000
192400 -604.000000
192500 -604.000000
192600 -609.000000
192700 -605.000000
192800 -611.000000
192900 -613.000000
193000 -605.000000
193100 -606.000000
193200 -605.000000
193300 -600.000000
193400 -600.000000
193500 -607.000000
193600 -603.000000
193700 -602.000000
193800 -610.000000
193900 -598.000000
194000 -604.000000
194100 -600.000000
194200 -599.000000
194300 -603.000000
194400 -598.000000
194500 -598.000000
194600 -598.000000
194700 -595.000000
194800 -602.000000
194900 -604.000000
195000 -603.000000
195100 -600.000000
195200 -603.000000
195300 -595.000000
195400 -603.000000
195500 -596.000000
195600 -601.000000
195700 -596.000000
195800 -601.000000
195900 -603.000000
196000 -596.000000
196100 -602.000000
196200 -599.000000
196300 -601.000000
196400 -606.000000
196500 -596.000000
196600 -601.000000
196700 -601.000000
196800 -604.000000
196900 -604.000000
197000 -609.000000
197100 -599.000000
197200 -596.000000
197300 -596.000000
197400 -602.000000
197500 -595.000000
197600 -604.000000
197700 -606.000000
197800 -608.000000
197900 -602.000000
198000 -602.000000
198100 -610.000000
198200 -608.000000
198300 -598.000000
198400 -596.000000
198500 -598.000000
198600 -604.000000
198700 -604.000000
198800 -610.000000
198900 -601.000000
199000 -599.000000
199100 -604.000000
199200 -602.000000
199300 -609.000000
199400 -609.000000
199500 -597.000000
199600 -604.000000
199700 -597.000000
199800 -593.000000
199900 -609.000000
