0 -1024.000000
100 -889.000000
200 -896.000000
300 -877.000000
400 -895.000000
500 -875.000000
600 -864.000000
700 -893.000000
800 -894.000000
900 -880.000000
1000 -882.000000
1100 -880.000000
1200 -864.000000
1300 -864.000000
1400 -864.000000
1500 -864.000000
1600 -844.000000
1700 -864.000000
1800 -864.000000
1900 -855.000000
2000 -864.000000
2100 -859.000000
2200 -848.000000
2300 -839.000000
2400 -856.000000
2500 -852.000000
2600 -851.000000
2700 -836.000000
2800 -849.000000
2900 -850.000000
3000 -830.000000
3100 -842.000000
3200 -833.000000
3300 -826.000000
3400 -832.000000
3500 -832.000000
3600 -820.000000
3700 -826.000000
3800 -827.000000
3900 -832.000000
4000 -828.000000
4100 -818.000000
4200 -830.000000
4300 -832.000000
4400 -828.000000
4500 -828.000000
4600 -825.000000
4700 -831.000000
4800 -832.000000
4900 -825.000000
5000 -832.000000
5100 -832.000000
5200 -824.000000
5300 -828.000000
5400 -820.000000
5500 -825.000000
5600 -822.000000
5700 -825.000000
5800 -823.000000
5900 -817.000000
6000 -784.000000
6100 -784.000000
6200 -784.000000
6300 -784.000000
6400 -784.000000
6500 -784.000000
6600 -784.000000
6700 -784.000000
6800 -780.000000
6900 -778.000000
7000 -781.000000
7100 -778.000000
7200 -778.000000
7300 -775.000000
7400 -776.000000
7500 -774.000000
7600 -780.000000
7700 -779.000000
7800 -775.000000
7900 -784.000000
8000 -784.000000
8100 -784.000000
8200 -784.000000
8300 -784.000000
8400 -784.000000
8500 -784.000000
8600 -779.000000
8700 -783.000000
8800 -784.000000
8900 -772.000000
9000 -784.000000
9100 -782.000000
9200 -774.000000
9300 -779.000000
9400 -784.000000
9500 -781.000000
9600 -777.000000
9700 -779.000000
9800 -783.000000
9900 -781.000000
10000 -777.000000
10100 -771.000000
10200 -770.000000
10300 -766.000000
10400 -771.000000
10500 -770.000000
10600 -768.000000
10700 -767.000000
10800 -767.000000
10900 -767.000000
11000 -767.000000
11100 -768.000000
11200 -771.000000
11300 -767.000000
11400 -769.000000
11500 -769.000000
11600 -771.000000
11700 -770.000000
11800 -767.000000
11900 -769.000000
12000 -768.000000
12100 -769.000000
12200 -767.000000
12300 -770.000000
12400 -768.000000
12500 -768.000000
12600 -771.000000
12700 -769.000000
12800 -770.000000
12900 -766.000000
13000 -771.000000
13100 -768.000000
13200 -769.000000
13300 -769.000000
13400 -771.000000
13500 -771.000000
13600 -767.000000
13700 -769.000000
13800 -767.000000
13900 -766.000000
14000 -768.000000
14100 -769.000000
14200 -768.000000
14300 -766.000000
14400 -767.000000
14500 -766.000000
14600 -765.000000
14700 -767.000000
14800 -767.000000
14900 -768.000000
15000 -767.000000
15100 -767.000000
15200 -768.000000
15300 -767.000000
15400 -768.000000
15500 -768.000000
15600 -767.000000
15700 -766.000000
15800 -767.000000
15900 -767.000000
16000 -767.000000
16100 -767.000000
16200 -767.000000
16300 -768.000000
16400 -768.000000
16500 -767.000000
16600 -767.000000
16700 -768.000000
16800 -766.000000
16900 -767.000000
17000 -767.000000
17100 -768.000000
17200 -766.000000
17300 -767.000000
17400 -765.000000
17500 -766.000000
17600 -767.000000
17700 -766.000000
17800 -768.000000
17900 -746.000000
18000 -747.000000
18100 -739.000000
18200 -733.000000
18300 -735.000000
18400 -728.000000
18500 -728.000000
18600 -728.000000
18700 -728.000000
18800 -728.000000
18900 -727.000000
19000 -728.000000
19100 -728.000000
19200 -728.000000
19300 -728.000000
19400 -728.000000
19500 -728.000000
19600 -728.000000
19700 -728.000000
19800 -728.000000
19900 -728.000000
20000 -728.000000
20100 -728.000000
20200 -728.000000
20300 -728.000000
20400 -728.000000
20500 -728.000000
20600 -728.000000
20700 -728.000000
20800 -728.000000
20900 -728.000000
21000 -728.000000
21100 -728.000000
21200 -728.000000
21300 -728.000000
21400 -728.000000
21500 -728.000000
21600 -728.000000
21700 -728.000000
21800 -728.000000
21900 -728.000000
22000 -728.000000
22100 -728.000000
22200 -728.000000
22300 -728.000000
22400 -728.000000
22500 -728.000000
22600 -728.000000
22700 -728.000000
22800 -728.000000
22900 -728.000000
23000 -728.000000
23100 -728.000000
23200 -728.000000
23300 -728.000000
23400 -728.000000
23500 -728.000000
23600 -728.000000
23700 -728.000000
23800 -728.000000
23900 -728.000000
24000 -728.000000
24100 -728.000000
24200 -728.000000
24300 -728.000000
24400 -728.000000
24500 -728.000000
24600 -728.000000
24700 -728.000000
24800 -728.000000
24900 -728.000000
25000 -728.000000
25100 -728.000000
25200 -728.000000
25300 -728.000000
25400 -728.000000
25500 -728.000000
25600 -728.000000
25700 -728.000000
25800 -728.000000
25900 -728.000000
26000 -728.000000
26100 -728.000000
26200 -728.000000
26300 -728.000000
26400 -728.000000
26500 -728.000000
26600 -728.000000
26700 -728.000000
26800 -728.000000
26900 -728.000000
27000 -728.000000
27100 -728.000000
27200 -728.000000
27300 -728.000000
27400 -728.000000
27500 -728.000000
27600 -728.000000
27700 -728.000000
27800 -728.000000
27900 -728.000000
28000 -728.000000
28100 -728.000000
28200 -728.000000
28300 -728.000000
28400 -728.000000
28500 -728.000000
28600 -728.000000
28700 -728.000000
28800 -728.000000
28900 -728.000000
29000 -728.000000
29100 -728.000000
29200 -728.000000
29300 -728.000000
29400 -728.000000
29500 -728.000000
29600 -728.000000
29700 -728.000000
29800 -728.000000
29900 -728.000000
30000 -728.000000
30100 -728.000000
30200 -728.000000
30300 -728.000000
30400 -728.000000
30500 -728.000000
30600 -728.000000
30700 -728.000000
30800 -728.000000
30900 -727.000000
31000 -733.000000
31100 -728.000000
31200 -735.000000
31300 -730.000000
31400 -728.000000
31500 -728.000000
31600 -728.000000
31700 -728.000000
31800 -728.000000
31900 -728.000000
32000 -728.000000
32100 -728.000000
32200 -728.000000
32300 -728.000000
32400 -728.000000
32500 -728.000000
32600 -728.000000
32700 -728.000000
32800 -728.000000
32900 -728.000000
33000 -728.000000
33100 -728.000000
33200 -728.000000
33300 -728.000000
33400 -728.000000
33500 -728.000000
33600 -728.000000
33700 -728.000000
33800 -728.000000
33900 -728.000000
34000 -728.000000
34100 -728.000000
34200 -728.000000
34300 -728.000000
34400 -727.000000
34500 -728.000000
34600 -728.000000
34700 -728.000000
34800 -728.000000
34900 -728.000000
35000 -728.000000
35100 -728.000000
35200 -719.000000
35300 -720.000000
35400 -728.000000
35500 -728.000000
35600 -721.000000
35700 -728.000000
35800 -728.000000
35900 -728.000000
36000 -728.000000
36100 -728.000000
36200 -728.000000
36300 -728.000000
36400 -728.000000
36500 -728.000000
36600 -728.000000
36700 -728.000000
36800 -728.000000
36900 -728.000000
37000 -728.000000
37100 -728.000000
37200 -728.000000
37300 -728.000000
37400 -728.000000
37500 -728.000000
37600 -728.000000
37700 -728.000000
37800 -728.000000
37900 -728.000000
38000 -728.000000
38100 -728.000000
38200 -728.000000
38300 -728.000000
38400 -728.000000
38500 -728.000000
38600 -728.000000
38700 -728.000000
38800 -728.000000
38900 -728.000000
39000 -728.000000
39100 -728.000000
39200 -728.000000
39300 -728.000000
39400 -728.000000
39500 -728.000000
39600 -728.000000
39700 -728.000000
39800 -728.000000
39900 -728.000000
40000 -728.000000
40100 -728.000000
40200 -728.000000
40300 -728.000000
40400 -728.000000
40500 -728.000000
40600 -728.000000
40700 -728.000000
40800 -728.000000
40900 -728.000000
41000 -728.000000
41100 -728.000000
41200 -728.000000
41300 -728.000000
41400 -728.000000
41500 -728.000000
41600 -728.000000
41700 -725.000000
41800 -728.000000
41900 -724.000000
42000 -728.000000
42100 -728.000000
42200 -728.000000
42300 -728.000000
42400 -728.000000
42500 -728.000000
42600 -728.000000
42700 -728.000000
42800 -728.000000
42900 -728.000000
43000 -728.000000
43100 -728.000000
43200 -728.000000
43300 -728.000000
43400 -728.000000
43500 -728.000000
43600 -728.000000
43700 -728.000000
43800 -720.000000
43900 -720.000000
44000 -720.000000
44100 -720.000000
44200 -720.000000
44300 -720.000000
44400 -720.000000
44500 -720.000000
44600 -720.000000
44700 -720.000000
44800 -720.000000
44900 -720.000000
45000 -716.000000
45100 -727.000000
45200 -720.000000
45300 -726.000000
45400 -716.000000
45500 -720.000000
45600 -704.000000
45700 -704.000000
45800 -704.000000
45900 -704.000000
46000 -704.000000
46100 -704.000000
46200 -704.000000
46300 -704.000000
46400 -704.000000
46500 -704.000000
46600 -704.000000
46700 -704.000000
46800 -704.000000
46900 -704.000000
47000 -704.000000
47100 -704.000000
47200 -704.000000
47300 -704.000000
47400 -704.000000
47500 -704.000000
47600 -704.000000
47700 -704.000000
47800 -704.000000
47900 -704.000000
48000 -704.000000
48100 -704.000000
48200 -704.000000
48300 -704.000000
48400 -704.000000
48500 -704.000000
48600 -704.000000
48700 -704.000000
48800 -704.000000
48900 -704.000000
49000 -704.000000
49100 -704.000000
49200 -704.000000
49300 -704.000000
49400 -704.000000
49500 -704.000000
49600 -704.000000
49700 -704.000000
49800 -704.000000
49900 -704.000000
50000 -704.000000
50100 -704.000000
50200 -704.000000
50300 -704.000000
50400 -704.000000
50500 -704.000000
50600 -704.000000
50700 -704.000000
50800 -685.000000
50900 -683.000000
51000 -651.000000
51100 -650.000000
51200 -654.000000
51300 -655.000000
51400 -647.000000
51500 -647.000000
51600 -648.000000
51700 -647.000000
51800 -653.000000
51900 -648.000000
52000 -644.000000
52100 -647.000000
52200 -658.000000
52300 -653.000000
52400 -656.000000
52500 -660.000000
52600 -658.000000
52700 -662.000000
52800 -657.000000
52900 -657.000000
53000 -648.000000
53100 -652.000000
53200 -654.000000
53300 -655.000000
53400 -653.000000
53500 -641.000000
53600 -643.000000
53700 -643.000000
53800 -642.000000
53900 -642.000000
54000 -643.000000
54100 -640.000000
54200 -642.000000
54300 -640.000000
54400 -639.000000
54500 -640.000000
54600 -642.000000
54700 -641.000000
54800 -647.000000
54900 -644.000000
55000 -643.000000
55100 -642.000000
55200 -646.000000
55300 -643.000000
55400 -643.000000
55500 -640.000000
55600 -644.000000
55700 -650.000000
55800 -642.000000
55900 -642.000000
56000 -644.000000
56100 -640.000000
56200 -647.000000
56300 -640.000000
56400 -647.000000
56500 -646.000000
56600 -642.000000
56700 -641.000000
56800 -645.000000
56900 -639.000000
57000 -641.000000
57100 -644.000000
57200 -644.000000
57300 -642.000000
57400 -644.000000
57500 -639.000000
57600 -640.000000
57700 -641.000000
57800 -641.000000
57900 -641.000000
58000 -643.000000
58100 -642.000000
58200 -641.000000
58300 -644.000000
58400 -639.000000
58500 -642.000000
58600 -643.000000
58700 -643.000000
58800 -645.000000
58900 -640.000000
59000 -638.000000
59100 -641.000000
59200 -639.000000
59300 -643.000000
59400 -641.000000
59500 -640.000000
59600 -640.000000
59700 -640.000000
59800 -642.000000
59900 -644.000000
60000 -640.000000
60100 -642.000000
60200 -638.000000
60300 -644.000000
60400 -641.000000
60500 -644.000000
60600 -638.000000
60700 -648.000000
60800 -644.000000
60900 -645.000000
61000 -637.000000
61100 -640.000000
61200 -642.000000
61300 -642.000000
61400 -641.000000
61500 -639.000000
61600 -638.000000
61700 -643.000000
61800 -641.000000
61900 -637.000000
62000 -639.000000
62100 -642.000000
62200 -640.000000
62300 -639.000000
62400 -641.000000
62500 -638.000000
62600 -638.000000
62700 -641.000000
62800 -643.000000
62900 -641.000000
63000 -641.000000
63100 -645.000000
63200 -640.000000
63300 -643.000000
63400 -643.000000
63500 -641.000000
63600 -642.000000
63700 -640.000000
63800 -641.000000
63900 -641.000000
64000 -641.000000
64100 -642.000000
64200 -638.000000
64300 -639.000000
64400 -640.000000
64500 -641.000000
64600 -640.000000
64700 -642.000000
64800 -642.000000
64900 -637.000000
65000 -640.000000
65100 -640.000000
65200 -641.000000
65300 -641.000000
65400 -640.000000
65500 -644.000000
65600 -641.000000
65700 -643.000000
65800 -641.000000
65900 -643.000000
66000 -640.000000
66100 -641.000000
66200 -640.000000
66300 -640.000000
66400 -640.000000
66500 -639.000000
66600 -641.000000
66700 -641.000000
66800 -642.000000
66900 -640.000000
67000 -640.000000
67100 -639.000000
67200 -639.000000
67300 -637.000000
67400 -641.000000
67500 -640.000000
67600 -638.000000
67700 -641.000000
67800 -643.000000
67900 -640.000000
68000 -639.000000
68100 -640.000000
68200 -639.000000
68300 -639.000000
68400 -639.000000
68500 -641.000000
68600 -640.000000
68700 -639.000000
68800 -639.000000
68900 -638.000000
69000 -641.000000
69100 -640.000000
69200 -640.000000
69300 -641.000000
69400 -643.000000
69500 -640.000000
69600 -641.000000
69700 -640.000000
69800 -641.000000
69900 -643.000000
70000 -640.000000
70100 -638.000000
70200 -640.000000
70300 -640.000000
70400 -641.000000
70500 -640.000000
70600 -641.000000
70700 -640.000000
70800 -640.000000
70900 -640.000000
71000 -640.000000
71100 -641.000000
71200 -641.000000
71300 -640.000000
71400 -639.000000
71500 -641.000000
71600 -639.000000
71700 -641.000000
71800 -640.000000
71900 -641.000000
72000 -640.000000
72100 -640.000000
72200 -640.000000
72300 -641.000000
72400 -640.000000
72500 -639.000000
72600 -640.000000
72700 -640.000000
72800 -637.000000
72900 -641.000000
73000 -639.000000
73100 -640.000000
73200 -639.000000
73300 -639.000000
73400 -640.000000
73500 -640.000000
73600 -640.000000
73700 -640.000000
73800 -642.000000
73900 -638.000000
74000 -641.000000
74100 -641.000000
74200 -638.000000
74300 -637.000000
74400 -639.000000
74500 -641.000000
74600 -639.000000
74700 -640.000000
74800 -641.000000
74900 -641.000000
75000 -639.000000
75100 -639.000000
75200 -640.000000
75300 -641.000000
75400 -640.000000
75500 -639.000000
75600 -639.000000
75700 -639.000000
75800 -640.000000
75900 -638.000000
76000 -639.000000
76100 -640.000000
76200 -639.000000
76300 -640.000000
76400 -641.000000
76500 -640.000000
76600 -639.000000
76700 -639.000000
76800 -638.000000
76900 -640.000000
77000 -639.000000
77100 -638.000000
77200 -639.000000
77300 -638.000000
77400 -639.000000
77500 -638.000000
77600 -631.000000
77700 -635.000000
77800 -636.000000
77900 -634.000000
78000 -638.000000
78100 -632.000000
78200 -638.000000
78300 -634.000000
78400 -638.000000
78500 -632.000000
78600 -639.000000
78700 -637.000000
78800 -635.000000
78900 -636.000000
79000 -629.000000
79100 -640.000000
79200 -639.000000
79300 -637.000000
79400 -630.000000
79500 -638.000000
79600 -633.000000
79700 -637.000000
79800 -640.000000
79900 -638.000000
80000 -639.000000
80100 -633.000000
80200 -638.000000
80300 -640.000000
80400 -640.000000
80500 -639.000000
80600 -640.000000
80700 -641.000000
80800 -641.000000
80900 -640.000000
81000 -638.000000
81100 -639.000000
81200 -640.000000
81300 -640.000000
81400 -640.000000
81500 -640.000000
81600 -640.000000
81700 -639.000000
81800 -640.000000
81900 -640.000000
82000 -638.000000
82100 -639.000000
82200 -640.000000
82300 -639.000000
82400 -640.000000
82500 -637.000000
82600 -640.000000
82700 -638.000000
82800 -639.000000
82900 -639.000000
83000 -640.000000
83100 -640.000000
83200 -639.000000
83300 -640.000000
83400 -640.000000
83500 -639.000000
83600 -640.000000
83700 -640.000000
83800 -640.000000
83900 -639.000000
84000 -639.000000
84100 -640.000000
84200 -637.000000
84300 -639.000000
84400 -640.000000
84500 -639.000000
84600 -640.000000
84700 -639.000000
84800 -638.000000
84900 -639.000000
85000 -639.000000
85100 -641.000000
85200 -639.000000
85300 -640.000000
85400 -639.000000
85500 -639.000000
85600 -639.000000
85700 -638.000000
85800 -639.000000
85900 -640.000000
86000 -639.000000
86100 -639.000000
86200 -637.000000
86300 -640.000000
86400 -640.000000
86500 -638.000000
86600 -639.000000
86700 -640.000000
86800 -639.000000
86900 -640.000000
87000 -639.000000
87100 -637.000000
87200 -640.000000
87300 -639.000000
87400 -637.000000
87500 -640.000000
87600 -640.000000
87700 -639.000000
87800 -640.000000
87900 -640.000000
88000 -640.000000
88100 -640.000000
88200 -639.000000
88300 -635.000000
88400 -630.000000
88500 -637.000000
88600 -636.000000
88700 -630.000000
88800 -642.000000
88900 -641.000000
89000 -640.000000
89100 -640.000000
89200 -640.000000
89300 -640.000000
89400 -640.000000
89500 -640.000000
89600 -640.000000
89700 -640.000000
89800 -640.000000
89900 -640.000000
90000 -639.000000
90100 -639.000000
90200 -640.000000
90300 -640.000000
90400 -640.000000
90500 -640.000000
90600 -640.000000
90700 -640.000000
90800 -639.000000
90900 -640.000000
91000 -639.000000
91100 -640.000000
91200 -638.000000
91300 -640.000000
91400 -638.000000
91500 -640.000000
91600 -640.000000
91700 -640.000000
91800 -640.000000
91900 -639.000000
92000 -640.000000
92100 -639.000000
92200 -640.000000
92300 -639.000000
92400 -639.000000
92500 -639.000000
92600 -640.000000
92700 -640.000000
92800 -640.000000
92900 -637.000000
93000 -640.000000
93100 -640.000000
93200 -640.000000
93300 -639.000000
93400 -640.000000
93500 -640.000000
93600 -640.000000
93700 -640.000000
93800 -640.000000
93900 -641.000000
94000 -640.000000
94100 -640.000000
94200 -639.000000
94300 -640.000000
94400 -640.000000
94500 -640.000000
94600 -640.000000
94700 -640.000000
94800 -640.000000
94900 -640.000000
95000 -640.000000
95100 -640.000000
95200 -641.000000
95300 -639.000000
95400 -640.000000
95500 -640.000000
95600 -641.000000
95700 -640.000000
95800 -640.000000
95900 -640.000000
96000 -638.000000
96100 -640.000000
96200 -640.000000
96300 -640.000000
96400 -640.000000
96500 -639.000000
96600 -640.000000
96700 -640.000000
96800 -640.000000
96900 -640.000000
97000 -639.000000
97100 -640.000000
97200 -640.000000
97300 -639.000000
97400 -640.000000
97500 -640.000000
97600 -640.000000
97700 -640.000000
97800 -639.000000
97900 -640.000000
98000 -640.000000
98100 -640.000000
98200 -640.000000
98300 -641.000000
98400 -639.000000
98500 -640.000000
98600 -640.000000
98700 -640.000000
98800 -640.000000
98900 -640.000000
99000 -640.000000
99100 -640.000000
99200 -640.000000
99300 -639.000000
99400 -640.000000
99500 -639.000000
99600 -639.000000
99700 -638.000000
99800 -639.000000
99900 -638.000000
100000 -640.000000
100100 -640.000000
100200 -639.000000
100300 -638.000000
100400 -640.000000
100500 -640.000000
100600 -640.000000
100700 -640.000000
100800 -640.000000
100900 -639.000000
101000 -640.000000
101100 -640.000000
101200 -639.000000
101300 -639.000000
101400 -641.000000
101500 -639.000000
101600 -640.000000
101700 -640.000000
101800 -639.000000
101900 -638.000000
102000 -639.000000
102100 -640.000000
102200 -639.000000
102300 -639.000000
102400 -639.000000
102500 -640.000000
102600 -638.000000
102700 -640.000000
102800 -640.000000
102900 -640.000000
103000 -640.000000
103100 -639.000000
103200 -640.000000
103300 -639.000000
103400 -640.000000
103500 -640.000000
103600 -639.000000
103700 -641.000000
103800 -639.000000
103900 -641.000000
104000 -641.000000
104100 -639.000000
104200 -640.000000
104300 -641.000000
104400 -641.000000
104500 -639.000000
104600 -641.000000
104700 -639.000000
104800 -640.000000
104900 -640.000000
105000 -640.000000
105100 -641.000000
105200 -642.000000
105300 -643.000000
105400 -640.000000
105500 -641.000000
105600 -641.000000
105700 -640.000000
105800 -641.000000
105900 -640.000000
106000 -640.000000
106100 -641.000000
106200 -639.000000
106300 -639.000000
106400 -641.000000
106500 -641.000000
106600 -640.000000
106700 -641.000000
106800 -639.000000
106900 -636.000000
107000 -639.000000
107100 -639.000000
107200 -641.000000
107300 -641.000000
107400 -640.000000
107500 -639.000000
107600 -641.000000
107700 -638.000000
107800 -641.000000
107900 -640.000000
108000 -640.000000
108100 -641.000000
108200 -640.000000
108300 -641.000000
108400 -642.000000
108500 -640.000000
108600 -640.000000
108700 -630.000000
108800 -636.000000
108900 -637.000000
109000 -639.000000
109100 -639.000000
109200 -628.000000
109300 -637.000000
109400 -637.000000
109500 -639.000000
109600 -639.000000
109700 -640.000000
109800 -641.000000
109900 -639.000000
110000 -639.000000
110100 -639.000000
110200 -636.000000
110300 -641.000000
110400 -641.000000
110500 -631.000000
110600 -635.000000
110700 -641.000000
110800 -631.000000
110900 -636.000000
111000 -640.000000
111100 -632.000000
111200 -631.000000
111300 -630.000000
111400 -639.000000
111500 -635.000000
111600 -632.000000
111700 -642.000000
111800 -640.000000
111900 -637.000000
112000 -638.000000
112100 -640.000000
112200 -630.000000
112300 -636.000000
112400 -640.000000
112500 -625.000000
112600 -639.000000
112700 -621.000000
112800 -640.000000
112900 -640.000000
113000 -631.000000
113100 -631.000000
113200 -618.000000
113300 -640.000000
113400 -640.000000
113500 -640.000000
113600 -631.000000
113700 -639.000000
113800 -639.000000
113900 -625.000000
114000 -638.000000
114100 -640.000000
114200 -640.000000
114300 -640.000000
114400 -637.000000
114500 -640.000000
114600 -636.000000
114700 -634.000000
114800 -639.000000
114900 -639.000000
115000 -627.000000
115100 -639.000000
115200 -639.000000
115300 -638.000000
115400 -625.000000
115500 -632.000000
115600 -635.000000
115700 -638.000000
115800 -626.000000
115900 -636.000000
116000 -638.000000
116100 -638.000000
116200 -638.000000
116300 -630.000000
116400 -640.000000
116500 -636.000000
116600 -624.000000
116700 -638.000000
116800 -639.000000
116900 -630.000000
117000 -638.000000
117100 -634.000000
117200 -637.000000
117300 -640.000000
117400 -634.000000
117500 -638.000000
117600 -629.000000
117700 -637.000000
117800 -632.000000
117900 -636.000000
118000 -633.000000
118100 -635.000000
118200 -636.000000
118300 -629.000000
118400 -635.000000
118500 -639.000000
118600 -635.000000
118700 -636.000000
118800 -634.000000
118900 -634.000000
119000 -638.000000
119100 -637.000000
119200 -640.000000
119300 -640.000000
119400 -636.000000
119500 -639.000000
119600 -639.000000
119700 -636.000000
119800 -640.000000
119900 -638.000000
120000 -639.000000
120100 -638.000000
120200 -632.000000
120300 -637.000000
120400 -633.000000
120500 -639.000000
120600 -640.000000
120700 -633.000000
120800 -639.000000
120900 -639.000000
121000 -618.000000
121100 -636.000000
121200 -633.000000
121300 -632.000000
121400 -632.000000
121500 -630.000000
121600 -639.000000
121700 -633.000000
121800 -633.000000
121900 -634.000000
122000 -639.000000
122100 -637.000000
122200 -639.000000
122300 -635.000000
122400 -639.000000
122500 -639.000000
122600 -628.000000
122700 -636.000000
122800 -639.000000
122900 -637.000000
123000 -622.000000
123100 -640.000000
123200 -639.000000
123300 -639.000000
123400 -632.000000
123500 -633.000000
123600 -635.000000
123700 -640.000000
123800 -634.000000
123900 -636.000000
124000 -635.000000
124100 -639.000000
124200 -632.000000
124300 -635.000000
124400 -634.000000
124500 -632.000000
124600 -638.000000
124700 -640.000000
124800 -639.000000
124900 -639.000000
125000 -635.000000
125100 -639.000000
125200 -640.000000
125300 -639.000000
125400 -640.000000
125500 -636.000000
125600 -635.000000
125700 -631.000000
125800 -635.000000
125900 -629.000000
126000 -627.000000
126100 -640.000000
126200 -640.000000
126300 -639.000000
126400 -640.000000
126500 -632.000000
126600 -638.000000
126700 -638.000000
126800 -640.000000
126900 -637.000000
127000 -639.000000
127100 -639.000000
127200 -630.000000
127300 -635.000000
127400 -639.000000
127500 -634.000000
127600 -634.000000
127700 -639.000000
127800 -638.000000
127900 -634.000000
128000 -637.000000
128100 -632.000000
128200 -638.000000
128300 -640.000000
128400 -640.000000
128500 -638.000000
128600 -639.000000
128700 -638.000000
128800 -638.000000
128900 -639.000000
129000 -637.000000
129100 -638.000000
129200 -639.000000
129300 -640.000000
129400 -640.000000
129500 -639.000000
129600 -639.000000
129700 -639.000000
129800 -637.000000
129900 -638.000000
130000 -639.000000
130100 -640.000000
130200 -640.000000
130300 -639.000000
130400 -639.000000
130500 -640.000000
130600 -638.000000
130700 -639.000000
130800 -639.000000
130900 -640.000000
131000 -639.000000
131100 -638.000000
131200 -639.000000
131300 -639.000000
131400 -639.000000
131500 -638.000000
131600 -639.000000
131700 -639.000000
131800 -639.000000
131900 -640.000000
132000 -640.000000
132100 -639.000000
132200 -639.000000
132300 -639.000000
132400 -640.000000
132500 -637.000000
132600 -639.000000
132700 -638.000000
132800 -639.000000
132900 -639.000000
133000 -638.000000
133100 -639.000000
133200 -639.000000
133300 -640.000000
133400 -638.000000
133500 -637.000000
133600 -639.000000
133700 -637.000000
133800 -638.000000
133900 -639.000000
134000 -640.000000
134100 -639.000000
134200 -637.000000
134300 -640.000000
134400 -638.000000
134500 -639.000000
134600 -638.000000
134700 -637.000000
134800 -638.000000
134900 -640.000000
135000 -638.000000
135100 -639.000000
135200 -638.000000
135300 -639.000000
135400 -638.000000
135500 -639.000000
135600 -640.000000
135700 -636.000000
135800 -638.000000
135900 -639.000000
136000 -639.000000
136100 -639.000000
136200 -639.000000
136300 -639.000000
136400 -639.000000
136500 -640.000000
136600 -637.000000
136700 -637.000000
136800 -639.000000
136900 -639.000000
137000 -639.000000
137100 -640.000000
137200 -640.000000
137300 -639.000000
137400 -640.000000
137500 -639.000000
137600 -639.000000
137700 -638.000000
137800 -639.000000
137900 -638.000000
138000 -639.000000
138100 -638.000000
138200 -639.000000
138300 -639.000000
138400 -640.000000
138500 -639.000000
138600 -638.000000
138700 -640.000000
138800 -639.000000
138900 -640.000000
139000 -639.000000
139100 -639.000000
139200 -640.000000
139300 -637.000000
139400 -640.000000
139500 -638.000000
139600 -637.000000
139700 -638.000000
139800 -637.000000
139900 -638.000000
140000 -629.000000
140100 -630.000000
140200 -633.000000
140300 -636.000000
140400 -637.000000
140500 -636.000000
140600 -637.000000
140700 -638.000000
140800 -634.000000
140900 -633.000000
141000 -636.000000
141100 -638.000000
141200 -639.000000
141300 -639.000000
141400 -639.000000
141500 -638.000000
141600 -640.000000
141700 -640.000000
141800 -639.000000
141900 -635.000000
142000 -637.000000
142100 -639.000000
142200 -637.000000
142300 -640.000000
142400 -638.000000
142500 -640.000000
142600 -639.000000
142700 -638.000000
142800 -639.000000
142900 -635.000000
143000 -638.000000
143100 -638.000000
143200 -639.000000
143300 -638.000000
143400 -640.000000
143500 -639.000000
143600 -638.000000
143700 -630.000000
143800 -637.000000
143900 -636.000000
144000 -637.000000
144100 -639.000000
144200 -629.000000
144300 -639.000000
144400 -635.000000
144500 -639.000000
144600 -639.000000
144700 -637.000000
144800 -640.000000
144900 -638.000000
145000 -640.000000
145100 -639.000000
145200 -639.000000
145300 -639.000000
145400 -639.000000
145500 -640.000000
145600 -639.000000
145700 -633.000000
145800 -634.000000
145900 -639.000000
146000 -634.000000
146100 -640.000000
146200 -636.000000
146300 -633.000000
146400 -638.000000
146500 -636.000000
146600 -637.000000
146700 -625.000000
146800 -639.000000
146900 -635.000000
147000 -636.000000
147100 -632.000000
147200 -634.000000
147300 -638.000000
147400 -639.000000
147500 -633.000000
147600 -638.000000
147700 -638.000000
147800 -639.000000
147900 -639.000000
148000 -639.000000
148100 -637.000000
148200 -633.000000
148300 -635.000000
148400 -639.000000
148500 -640.000000
148600 -634.000000
148700 -639.000000
148800 -635.000000
148900 -640.000000
149000 -638.000000
149100 -638.000000
149200 -639.000000
149300 -639.000000
149400 -633.000000
149500 -639.000000
149600 -638.000000
149700 -638.000000
149800 -638.000000
149900 -639.000000
150000 -638.000000
150100 -638.000000
150200 -639.000000
150300 -639.000000
150400 -638.000000
150500 -639.000000
150600 -637.000000
150700 -640.000000
150800 -638.000000
150900 -639.000000
151000 -639.000000
151100 -638.000000
151200 -639.000000
151300 -638.000000
151400 -637.000000
151500 -638.000000
151600 -639.000000
151700 -638.000000
151800 -639.000000
151900 -639.000000
152000 -638.000000
152100 -635.000000
152200 -638.000000
152300 -638.000000
152400 -639.000000
152500 -635.000000
152600 -633.000000
152700 -639.000000
152800 -639.000000
152900 -638.000000
153000 -637.000000
153100 -634.000000
153200 -630.000000
153300 -634.000000
153400 -638.000000
153500 -635.000000
153600 -630.000000
153700 -635.000000
153800 -638.000000
153900 -638.000000
154000 -632.000000
154100 -638.000000
154200 -634.000000
154300 -637.000000
154400 -629.000000
154500 -639.000000
154600 -638.000000
154700 -638.000000
154800 -639.000000
154900 -639.000000
155000 -637.000000
155100 -637.000000
155200 -636.000000
155300 -635.000000
155400 -635.000000
155500 -631.000000
155600 -636.000000
155700 -628.000000
155800 -639.000000
155900 -634.000000
156000 -637.000000
156100 -635.000000
156200 -639.000000
156300 -640.000000
156400 -635.000000
156500 -634.000000
156600 -639.000000
156700 -632.000000
156800 -636.000000
156900 -637.000000
157000 -638.000000
157100 -637.000000
157200 -635.000000
157300 -638.000000
157400 -637.000000
157500 -634.000000
157600 -635.000000
157700 -637.000000
157800 -639.000000
157900 -639.000000
158000 -639.000000
158100 -639.000000
158200 -639.000000
158300 -638.000000
158400 -637.000000
158500 -639.000000
158600 -639.000000
158700 -637.000000
158800 -639.000000
158900 -634.000000
159000 -638.000000
159100 -637.000000
159200 -639.000000
159300 -639.000000
159400 -636.000000
159500 -637.000000
159600 -630.000000
159700 -633.000000
159800 -640.000000
159900 -633.000000
160000 -634.000000
160100 -638.000000
160200 -634.000000
160300 -636.000000
160400 -639.000000
160500 -640.000000
160600 -636.000000
160700 -635.000000
160800 -640.000000
160900 -635.000000
161000 -635.000000
161100 -638.000000
161200 -631.000000
161300 -631.000000
161400 -638.000000
161500 -638.000000
161600 -640.000000
161700 -639.000000
161800 -634.000000
161900 -637.000000
162000 -636.000000
162100 -638.000000
162200 -634.000000
162300 -639.000000
162400 -639.000000
162500 -638.000000
162600 -638.000000
162700 -633.000000
162800 -632.000000
162900 -634.000000
163000 -636.000000
163100 -637.000000
163200 -639.000000
163300 -640.000000
163400 -637.000000
163500 -639.000000
163600 -639.000000
163700 -638.000000
163800 -637.000000
163900 -630.000000
164000 -632.000000
164100 -630.000000
164200 -639.000000
164300 -629.000000
164400 -630.000000
164500 -640.000000
164600 -639.000000
164700 -640.000000
164800 -640.000000
164900 -638.000000
165000 -639.000000
165100 -638.000000
165200 -639.000000
165300 -634.000000
165400 -640.000000
165500 -639.000000
165600 -637.000000
165700 -639.000000
165800 -637.000000
165900 -640.000000
166000 -640.000000
166100 -634.000000
166200 -636.000000
166300 -639.000000
166400 -637.000000
166500 -636.000000
166600 -639.000000
166700 -640.000000
166800 -639.000000
166900 -637.000000
167000 -640.000000
167100 -639.000000
167200 -639.000000
167300 -639.000000
167400 -640.000000
167500 -639.000000
167600 -638.000000
167700 -640.000000
167800 -639.000000
167900 -640.000000
168000 -640.000000
168100 -640.000000
168200 -639.000000
168300 -639.000000
168400 -639.000000
168500 -640.000000
168600 -639.000000
168700 -635.000000
168800 -639.000000
168900 -640.000000
169000 -639.000000
169100 -633.000000
169200 -635.000000
169300 -632.000000
169400 -633.000000
169500 -640.000000
169600 -639.000000
169700 -640.000000
169800 -626.000000
169900 -636.000000
170000 -629.000000
170100 -639.000000
170200 -639.000000
170300 -638.000000
170400 -624.000000
170500 -639.000000
170600 -639.000000
170700 -639.000000
170800 -638.000000
170900 -639.000000
171000 -639.000000
171100 -639.000000
171200 -639.000000
171300 -639.000000
171400 -640.000000
171500 -640.000000
171600 -640.000000
171700 -640.000000
171800 -640.000000
171900 -640.000000
172000 -639.000000
172100 -638.000000
172200 -638.000000
172300 -635.000000
172400 -638.000000
172500 -639.000000
172600 -640.000000
172700 -640.000000
172800 -639.000000
172900 -639.000000
173000 -638.000000
173100 -639.000000
173200 -639.000000
173300 -640.000000
173400 -640.000000
173500 -638.000000
173600 -638.000000
173700 -640.000000
173800 -640.000000
173900 -637.000000
174000 -640.000000
174100 -640.000000
174200 -639.000000
174300 -639.000000
174400 -640.000000
174500 -639.000000
174600 -637.000000
174700 -637.000000
174800 -639.000000
174900 -638.000000
175000 -637.000000
175100 -639.000000
175200 -639.000000
175300 -639.000000
175400 -640.000000
175500 -639.000000
175600 -640.000000
175700 -639.000000
175800 -638.000000
175900 -640.000000
176000 -639.000000
176100 -638.000000
176200 -637.000000
176300 -640.000000
176400 -639.000000
176500 -640.000000
176600 -640.000000
176700 -639.000000
176800 -639.000000
176900 -638.000000
177000 -639.000000
177100 -640.000000
177200 -640.000000
177300 -638.000000
177400 -637.000000
177500 -638.000000
177600 -639.000000
177700 -639.000000
177800 -640.000000
177900 -640.000000
178000 -639.000000
178100 -639.000000
178200 -638.000000
178300 -638.000000
178400 -639.000000
178500 -636.000000
178600 -639.000000
178700 -640.000000
178800 -632.000000
178900 -635.000000
179000 -631.000000
179100 -629.000000
179200 -634.000000
179300 -633.000000
179400 -640.000000
179500 -637.000000
179600 -637.000000
179700 -624.000000
179800 -626.000000
179900 -624.000000
180000 -628.000000
180100 -624.000000
180200 -628.000000
180300 -625.000000
180400 -629.000000
180500 -625.000000
180600 -627.000000
180700 -627.000000
180800 -624.000000
180900 -623.000000
181000 -624.000000
181100 -623.000000
181200 -625.000000
181300 -624.000000
181400 -624.000000
181500 -624.000000
181600 -624.000000
181700 -624.000000
181800 -624.000000
181900 -618.000000
182000 -617.000000
182100 -624.000000
182200 -613.000000
182300 -616.000000
182400 -624.000000
182500 -623.000000
182600 -619.000000
182700 -609.000000
182800 -609.000000
182900 -615.000000
183000 -618.000000
183100 -616.000000
183200 -613.000000
183300 -608.000000
183400 -617.000000
183500 -613.000000
183600 -608.000000
183700 -608.000000
183800 -608.000000
183900 -609.000000
184000 -607.000000
184100 -607.000000
184200 -608.000000
184300 -608.000000
184400 -608.000000
184500 -608.000000
184600 -608.000000
184700 -608.000000
184800 -609.000000
184900 -591.000000
185000 -608.000000
185100 -607.000000
185200 -601.000000
185300 -591.000000
185400 -603.000000
185500 -608.000000
185600 -609.000000
185700 -609.000000
185800 -608.000000
185900 -609.000000
186000 -608.000000
186100 -608.000000
186200 -606.000000
186300 -608.000000
186400 -607.000000
186500 -610.000000
186600 -608.000000
186700 -610.000000
186800 -608.000000
186900 -607.000000
187000 -607.000000
187100 -610.000000
187200 -608.000000
187300 -609.000000
187400 -608.000000
187500 -609.000000
187600 -609.000000
187700 -608.000000
187800 -608.000000
187900 -608.000000
188000 -609.000000
188100 -608.000000
188200 -610.000000
188300 -608.000000
188400 -611.000000
188500 -608.000000
188600 -609.000000
188700 -607.000000
188800 -608.000000
188900 -608.000000
189000 -607.000000
189100 -608.000000
189200 -609.000000
189300 -608.000000
189400 -608.000000
189500 -609.000000
189600 -610.000000
189700 -610.000000
189800 -606.000000
189900 -607.000000
190000 -609.000000
190100 -607.000000
190200 -608.000000
190300 -607.000000
190400 -609.000000
190500 -609.000000
190600 -608.000000
190700 -609.000000
190800 -608.000000
190900 -608.000000
191000 -609.000000
191100 -608.000000
191200 -607.000000
191300 -609.000000
191400 -608.000000
191500 -608.000000
191600 -610.000000
191700 -607.000000
191800 -608.000000
191900 -608.000000
192000 -607.000000
192100 -608.000000
192200 -608.000000
192300 -608.000000
192400 -607.000000
192500 -608.000000
192600 -609.000000
192700 -608.000000
192800 -608.000000
192900 -608.000000
193000 -612.000000
193100 -607.000000
193200 -608.000000
193300 -609.000000
193400 -609.000000
193500 -609.000000
193600 -608.000000
193700 -609.000000
193800 -608.000000
193900 -608.000000
194000 -607.000000
194100 -608.000000
194200 -608.000000
194300 -609.000000
194400 -607.000000
194500 -609.000000
194600 -608.000000
194700 -608.000000
194800 -609.000000
194900 -609.000000
195000 -610.000000
195100 -608.000000
195200 -607.000000
195300 -608.000000
195400 -607.000000
195500 -609.000000
195600 -608.000000
195700 -608.000000
195800 -608.000000
195900 -608.000000
196000 -608.000000
196100 -609.000000
196200 -612.000000
196300 -609.000000
196400 -610.000000
196500 -610.000000
196600 -609.000000
196700 -608.000000
196800 -607.000000
196900 -610.000000
197000 -608.000000
197100 -608.000000
197200 -609.000000
197300 -611.000000
197400 -609.000000
197500 -606.000000
197600 -608.000000
197700 -607.000000
197800 -607.000000
197900 -608.000000
198000 -608.000000
198100 -609.000000
198200 -608.000000
198300 -608.000000
198400 -607.000000
198500 -608.000000
198600 -608.000000
198700 -607.000000
198800 -610.000000
198900 -609.000000
199000 -609.000000
199100 -609.000000
199200 -608.000000
199300 -608.000000
199400 -608.000000
199500 -607.000000
199600 -608.000000
199700 -607.000000
199800 -611.000000
199900 -608.000000
